virus,realm,locus_tag,host,type,shape,accession,protein_id,coding,AAA,AAC,AAG,AAT,ACA,ACC,ACG,ACT,AGA,AGC,AGG,AGT,ATA,ATC,ATG,ATT,CAA,CAC,CAG,CAT,CCA,CCC,CCG,CCT,CGA,CGC,CGG,CGT,CTA,CTC,CTG,CTT,GAA,GAC,GAG,GAT,GCA,GCC,GCG,GCT,GGA,GGC,GGG,GGT,GTA,GTC,GTG,GTT,TAA,TAC,TAG,TAT,TCA,TCC,TCG,TCT,TGA,TGC,TGG,TGT,TTA,TTC,TTG,TTT
Cebus albifrons polyomavirus 1,Monodnaviria,G140_gp1,vertebrates,DNA,circular,NC_019854,YP_007195275_1,atgggagctgtattggccgtgttagctgaagtctttgaattagcctctgtgacaggattgtctgtggatgctattttaagtggggaagcttttactactgctgaactgctacaggcccacattgccaatcttgtgacagttggaggcctaacagaagctgaagcattagctgccacagaagttacagctgaagcttatgctgctttgacatcaattacctcaactttcccgcaggcctttgctgctttagctgccacagaattaactgctactggatctttaactgttggtgctgcggttgctgctgctctctacccatatacttatgatcattcaactccattagcaaatctaaatactaatatggctttacaagtttggatacctgatcttgatttggactttcctggtgtgaggccctttgttagatttgttaactacatagatcctgctcaatgggccacagatttgtttcaagcagttggaagatatttctggcaaacagcacaaagatatggacaaaatttaatagaacatgaactgagagaaacatctagagaattagctgtaactgctgttacatctgtttctgatgttttagctagatattttgaaactgctaggtgggctgtctctcttttgccaagaaatatctatcaaagtctgcaaaattactatcaggaattgcctcctctaaacccaattcaagtaagacaattacaaagaagaataggaggcacaattcctgatagactaacctttcatgatacaatacaaacagctgaatatgtggaaaaagctgaagctcctggtggtgctaatcaaagagtggctcatgactggcttctccctcttcttttaggcctttatggtgatatttcccctagttgggagtcaactttagaagatctagaagaagaggaagatgccccccaaaaaaagaagcgtaaaaagtccaagtga,0.857142857142857,0.4,1.14285714285714,1.6,2,0.285714285714286,0,1.71428571428571,4.8,0,0.8,1.125,1.25,0.25,1,1.5,1.64705882352941,0.4,0.352941176470588,1.6,1,0.5,0.25,2.25,0,0,0,0.4,0.9,0.3,0.45,1.05,1.83333333333333,0.285714285714286,0.166666666666667,1.71428571428571,0.355555555555556,0.8,0.0888888888888889,2.75555555555556,1.75,0.75,0.25,1.25,0.521739130434783,0.347826086956522,1.21739130434783,1.91304347826087,0,0.461538461538462,0,1.53846153846154,1.5,0.75,0,2.625,3,NA,1,NA,2.25,0.363636363636364,1.05,1.63636363636364
Cebus albifrons polyomavirus 1,Monodnaviria,G140_gp2,vertebrates,DNA,circular,NC_019854,YP_007195276_2,atgccccccaaaaaaagaagcgtaaaaagtccaagtgaagtacccaaacttatcatttctggtggaatagaagtactaggccttagaactggaccagatagtataacagaggttgaagcaattttaaaccctcgcatgggtttagagccaacagatgactattatggattcagtggaaacatcactgttgccaaaagcaaagaggaagacaaaccacccagagatcagctgccctgttattctgtggcaaaaattgaactgcctatgctaaatgatgacttaacttgtgaaaatattttgatgtgggaatgtatcagtgtgaaaactgaagttgtgggtattggtacattgtgtgctgtgcattcatttgcaaaaagagagtcagagcaagcccctgccatgccagttgtgggaatgaatttccatttttttgctgtaggaggagagcccctagatatgaaatatatagttactaacagcaaagctgaatatccagaaaatacagctttcttgccaggctctcctgcaagtgcacaggtgtgggatccaaatctaaagactctaaagctcaccactgatggttcctttcctgtggaagcttggcatccagaccccactaagaatgaaaatgtcagatattttggcagttacacagggggtcttaatactcccccagtgtatacattcactaatacagtgactacaatattgctgaatgagaatggggtaggacctctgtgtaagggagaccaagtgtttattgcttctgcagatattactggatttcaagtacaacctgatgggcagtatagattcaggggttttcccagatattttaaattaacaatgagaaagagacttgtgaggaatccataccctgtcagtactttgctgagtactttgttcagccagttgggcccaagtgtgcagggacaagacatgaccaaacaagtggaagaagttaaaatttttgaaggggttgaaaagctacccggggacccagacttaataagatacagaagtcagtttggacaggaaaaaacaatcattcccataaattaa,1.45454545454545,0.375,0.545454545454545,1.625,1.53846153846154,0.307692307692308,0,2.15384615384615,4.71428571428571,1.09090909090909,0.857142857142857,3,0.947368421052632,0.631578947368421,1,1.42105263157895,0.923076923076923,0,1.07692307692308,2,1.625,1.375,0,1,0,0.428571428571429,0,0,1.28571428571429,0.214285714285714,1.07142857142857,0.857142857142857,1.41666666666667,0.941176470588235,0.583333333333333,1.05882352941176,1.6,0.8,0,1.6,1.71428571428571,0.571428571428571,0.714285714285714,1,0.857142857142857,0.285714285714286,1.85714285714286,1,3,0.5,0,1.5,0.545454545454545,0.272727272727273,0,1.09090909090909,0,0,1,2,1.07142857142857,0.705882352941177,1.5,1.29411764705882
Cebus albifrons polyomavirus 1,Monodnaviria,G140_gp3,vertebrates,DNA,circular,NC_019854,YP_007195277_3,atggatcatactttaacaagagatgaaagcaaactccttatggagttgttaaatttgcctatggaacaatatggcaattttcctcttatgagaaaagcttttttgcagaaatgcaaaattttacatcctgacaaaggaggagatcaggagactgctaagatgttgattagcttgtataaaagattggaagcagaagtgcaaagcctaaatacagatgattgtttcacaactgatcagcctacttatgggacagaggaatgggatcaatggtggcagcactttaacaaagattttgacctgttttgcaatgaaacttttaccagatcatctgaggaagaagacgaggaaggacaaaaaagaaaatattcagattctgaggaaggatgttcccaagccactccaccaaaaaaaaaaaaaacgtcttcagcccaaaaagatatgccagaacaactaaaaagttttttaagtaatgctattctaagcaataaaactatcaatagctttttaatctatacaactttagaaaaaagtggatatctgtattgtaagctgttagagaaatttaagccaacttttattagtagacataaatttgatatggagggtttactgtttgtaattactcctacaaaacatagagtttctgcaatatctaatttttgtcataatttatgtagtgttagctttgtattagtaaaaggagtaatcaaagaatttaattgttactgtgctctttgcattgaaccttttagtttactgtcagaaaatattccaggagggttaagctctgactattttgatgctcctgttgaacccaataaaaatgtgagctggaaattagttgctaattatgctttagatattatgtgtgatgatatttttttacttatgggtttatataaagaatttgcatttaatcccactgcatgtgaaaaatgtgatgctaaactgattcctgatcactataagtaccataaagatcattatgacaatgctctgttgtttgatgaatgtaaaaatcaaaagcctatttgtcagcaagcagttgatggagtaattgcttttagaagggttgaaacctctcaactaaccagaaagcaacaattgacaaaaagatttttaaaacacttcaaaaaaatggatgatatatttgctgcaaaatctgaggtcacaattgaaaactatttagctggtgtatgctggtttgaatatttgttacctgcaattgatatgaaaaattttattttagaatatttagattgtgttgttgctaatattcctaaaaggagatattggtgttttactggaccagtaaatacaggaaaaaccacattagctgcagcattgctggatttatgtggtggtaaatcactaaatgtgaatatgccttttgataagctgaactttgaattaggagtagctatagatcaatttactgttgtatttgaggatgtaaaaggtcaaaccacagaaaatcaaaaactgcctacagggcaaggaattagtaatctagatcatctcagagactacctagatggagctgtaaaagtcaaccttgaaaaaaagcatttgaataaaaaaactcaaatatttcctccaggccttgtaacagcaaatgagtataagtttcctgtaacattaaaggttagatttgtaaaaatgattaaattcatttaccagtcacacttgagtaaatccttaaagtatacagaaagccttgcaaagcatagaattttgcagagtggcctcactttgttaattttacttatttttcattgtgaagctactgattttgtagcagaattgcagcctttggtaaccaaatggaaacaatatataaatgatgaggtcagctggagcagatatcaagaaatgaaagaaaatgttttaaagggtataaatatcctcacaaagcatgaggacagtggaatttttacccagtcacaaagtcaaagtcaagacacacaatgtactgtataa,1.5625,0.242424242424242,0.4375,1.75757575757576,1.61904761904762,0.666666666666667,0.0952380952380952,1.61904761904762,5.29411764705882,1.65,0.705882352941177,1.8,0.545454545454545,0.363636363636364,1,2.09090909090909,1.4375,0.5,0.5625,1.5,1.12,0.32,0,2.56,0,0,0,0,0.567567567567568,0.324324324324324,0.810810810810811,0.648648648648649,1.40909090909091,0.4,0.590909090909091,1.6,1.54838709677419,0.258064516129032,0,2.19354838709677,2.07407407407407,0.444444444444444,0.444444444444444,1.03703703703704,2,0.352941176470588,0.352941176470588,1.29411764705882,3,0.333333333333333,0,1.66666666666667,1.05,0.3,0,1.2,0,0.380952380952381,1,1.61904761904762,2.35135135135135,0.15,1.2972972972973,1.85
Cebus albifrons polyomavirus 1,Monodnaviria,G140_gp4,vertebrates,DNA,circular,NC_019854,YP_007195278_4,atggatcatactttaacaagagatgaaagcaaactccttatggagttgttaaatttgcctatggaacaatatggcaattttcctcttatgagaaaagcttttttgcagaaatgcaaaattttacatcctgacaaaggaggagatcaggagactgctaagatgttgattagcttgtataaaagattggaagcagaagtgcaaagcctaaatacagatgattgtttcacaactgatcaggtttgtgaaatttctaacatgatttttttaaaagattggcgtacatgccgcatggggtctgtgaagtgtacttgccttttttgccttttaaagagagaacataagcagcaacttattggcagacctaaagtgtggggaacttgctattgctttaactgctacattttgtggtttggattggagcatacatatgacatctttttgtcatggaaggcactgattgcaatcacaccatttagaaacttaaatatttaa,1.23076923076923,0.857142857142857,0.769230769230769,1.14285714285714,2.18181818181818,0,0,1.81818181818182,4.5,3,0,0,0,0.6,1,2.4,0.857142857142857,0,1.14285714285714,2,0.8,0,0,3.2,0,0.75,0,0.75,0.260869565217391,0.260869565217391,0.260869565217391,1.30434782608696,1.33333333333333,0.444444444444444,0.666666666666667,1.55555555555556,2.4,0,0,1.6,2.28571428571429,1.14285714285714,0.571428571428571,0,0,0,3,1,3,0.4,0,1.6,1,0,0,2,0,1.4,1,0.6,1.56521739130435,0.222222222222222,2.34782608695652,1.77777777777778
