virus,realm,locus_tag,host,type,shape,accession,protein_id,coding,AAA,AAC,AAG,AAT,ACA,ACC,ACG,ACT,AGA,AGC,AGG,AGT,ATA,ATC,ATG,ATT,CAA,CAC,CAG,CAT,CCA,CCC,CCG,CCT,CGA,CGC,CGG,CGT,CTA,CTC,CTG,CTT,GAA,GAC,GAG,GAT,GCA,GCC,GCG,GCT,GGA,GGC,GGG,GGT,GTA,GTC,GTG,GTT,TAA,TAC,TAG,TAT,TCA,TCC,TCG,TCT,TGA,TGC,TGG,TGT,TTA,TTC,TTG,TTT
Clover yellow vein virus,Riboviria,ClYVVgp1,land plants,ss-RNA,linear,NC_003536,NP_613273_1,atggcacaaatcatgattggaagcattatggttcccttaaacaaggaatctagtgtttctgagagtaatataaatattagtagtattattcctaaaacaaaaaccagtactcatatcgaggctggactcaaaaacatgtcttttaatttacaaccaaccactgatccattcaaagcgataactctagcttgcaaagaaagagttgcaaagtttggtgatatggtttttaagactagaagaggcattaccacaatggtgccaaaaccagcgcgtttagtggaagaggaaaagagagcagctgaagctctaaagcgatttatggaagtggagtggactctggaagagatcgatcctgatgctgaatatcaagtaccagatttaagacagaggggctcccaagtgtccttcaagagtccttatcataagaggactccaaaaactgcagaaaaactgaaagtgattaagccagtgcagggaagcaagaagattcaacatgtaacaaatgcgctgctcaagattgttaagaacaacaatctaattcttgaagttgctgacagaaataagaaagcaaatcatgcaactttctcaaaatatggctcaacttatggcatgcacataattgttaaccatatggttcgaaagagacgctcggttgatgtgcggcttaatggtctcatggcaagcatcgcaaagcaggaagcaattggatttgaaaagttaaatgttagcacattaagagaggggcacagtggacttgtgttgcaaactaaaacagttccaaactgccactttaataatgatgacataacaattgtgagaggtgtaataaagagtcatggagtaccttgcttagtagatgctagacagaatttgaatcatcagcaactgagtaggataagagaattctctgcaggagatttgttttggaaaggatacaatcagactttcatagataatagaccaaaagacattggacacacgtgtacatcagatctcaatgtaattcaatgtggttctgtgatggcgttgatgactctagcactattcccgtgcggaagaatcacttgcaaagaatgtgtggaggattttcataatcagaacaatagggagagatatgcaagaacagaaagatttttaagccaggcaatgactctcctagcacaaacatacccagaattcaaacactcgagagacatcttgcaattgtttcgtgagcgtttaagtatggaaaactcaaatgcagaggcctgtgttgagacaaacaaagccataacatcacttacagagactccatttaaccacataaggaagataaatgaggtgcttttaagatatggtagcctgacaaatgatgaggtgggggttgcaagtgcgagcttacttgaaattactaggtacattcgaaacagaactgattccatccaaaggaatgacctaagtaagttcagaaacaagatttcctcaaagacacacatcaacctagatttaatgtgtgataaccaacttgacaaaaatgcaaacttcatgtggggtcaaagagcataccatgcaaaacgatttctgtcgaattatttcagtgtgattgatccatctgaaggttacgacaaattcatcaatagaaagttacccaatggtacgagagaacttgcaactggcaggttaattgttcctacaaactttgaatcttttagagatcaaatgaaaggaaccatggtggacaatagaccaattggcaaggaatgtgtttcgcgtgttaaaggagccttttgttacccgtgctgttgcacaactgatgatattggcaatgcaattttgtctgaatttaaaatgccaacaaaatatcatttagttcttggtggtcaggaagcagcgaaatacatagagctaccatcagatagcagtggcatgatgtacatagcaaaagatgggtattgccatattaatatattctttgctatgttggtgaatgtgtcggaagataaatcaaaggatttcacgaaaatggtgcgggatcagataatgccaaagttaggtcagtggccaacaatgctagatgttgcaacagcgtgttggtacttaacagtttggtttcctgacacactcagtgctgaacttccaagaatacttgttgatcacaagttaagcaccatgcacgttctggattcgtatggttcaataagcacaggataccatgttcttaaggcaaacattgtttcccaattaatcaaatttgccagtgacgatcttgagtcagatttgaagttttacagagttggtggcaaatcattgacagggcaggtgatacagtttgacacaaaaatgttaatctcaagtatttaccgaccaaggcagatggaaaagatcatcaatgaagaaccatttgtgctagttctagcaatgcagtcaccatcagttcttctggccctattcaatagtgcctcgctagagaaagccgtggaggtttggctgcacaaagacatgcgtgtctcacatgtgatgacaatgcttgccctcctggcagcaaaagtaagtgcagctaaaatggtgaatttacagatggaaataattgaagctagtgctggccactttctcgctgcaatggacaccattcataagccaatgcactccatcaacacagcaaacattttcttgatgaacttggaagaggggagatcgactgacagaacaattgatgaacttgggttccactctttgaaaaagtctagtcaagtactcatggaaaaaatctgggcagaggatttagagcagcaatggctaggtttaagattgtcacaaaagttttatttaataaagcagtcatggaagcagcgggcaaagtattccaaaatactagcccagagagacgagctaggtgccagcgacaagttcagcgcatcactcagattgtcagtaacaagcattaagaatcaagcaatcagttgcaagaagagaatggtcatcacaagtaagaaatgtttgttcagtgtgcagaaaatggtggcaatacaagccttaagagtgtttaagcgatgcatgagtaatatggtggacgttcttaatgtgctagcaacaattacgctcctgatgggcattctgagtcaagtgagatctcacatcaaaactgtcacatcatacaagcgcgtttcgaaggaagccaaagtccaagatgatctgtacagaatcaatgattattatgagttgttgaaggctcgtgataggtacacagtggatgagtttcgcagtaagctggaatcactaaacccagaactcctagaaactttcgatgagtattacaaggaaccaaagtggtttgtcatggaatccaaatcaaatgacatggtggctcttgaaaaagtagtggcttttacagcactcgttatgatgatatttgatggagagagaagtgactgtgtttacaaaatactgaataagctcaaaggcataatttcaacaacaactcaagacggctacaaatttcagagtcttgatgacattaagcctatgttggaagacaagaagggtgtcattgattttgagattgatgagggtgacagcaagataatatgcagcaaccaaacaacatttgttcaatggtgggacaatcaacttcagaatgggaatgtcatcacacactacagaacagagggtcatttcatggagtttaccagagatacagcacaagaggttgcgcacacaatagcccacagtgatttcaaagacattttagtgagaggggctgttggatcaggaaaatcgactggcttaccatcataccttagtgaaaaagggaaggtgctgatgttggagtcaacaaggccgttagcagaaaatgtgttcaagcagctcaagagtgatcccttctacaagaacccaacacttcgcatgagaggaacaacgagctatggttcaacaccaattacaatcatgacaagtggttttgcactccatttttatgcaaacaaccctcagttactgaaagagttccaattcataatcatagatgagtgtcatgttctagatgctaatgcaattgcatttgtcagtttgctcaaggagttttcatttcaggggaaacttgtcaaagcatcagcgacaccaccaggaagagaaactgaattcacaacacaacacaaagtgtcattggtaacgcaagaccaactttcctttgatcaatttgtggcccagcaaggtacaggttccaattgcgacatgattgatgtgtgcgacaatatactggtatatgtcgcgagttacaatgaagtggaccagctttcaaagatgttactggagaaagggttcctagtgacgaaagtcgatgggagaaccatgaaaggaggaaagactgagattgaaacgagggggacaaaagcaaagaagcattttgttgttgcaacaaatatcatagagaatggagtaacgcttgatatagagggtgttgtagattttgggttgaaggttgttcctgagttggacgcagatagcagggtgatgcgctattcaaagcacagagtttcatttggtgaaagaattcagagaattggaagagttggcaggcacaaagctggtaaagcactcaaaattggtacaacagagagaaaccttcagaagatcccagaattggtcgctacagaagcagcattctattgctttgcatatgggcttccagtcatgtctgagggagtgtcctccaacatgctgagtaaatgtacagtaccgcaagccaagaccatgatgagctttgaactaccaatcatgtacacagttaacttggttagatttgacggttcaatgcatccatccatacatgagttacttaaaccatacaagctgagggactcaaatgttgttttaaacaaaatggctataccacatgggaatgtcaaaaactggatttcagtcagagagctcaaatatgttggtgttagaattgatattcaagaggacatccgagtgcccttccatgccagagatataccagacaagttacatgagaggatattcgaggcttgcttgaagcacaaaggggatgcaggttttggaagactcagcgtggttagtgcatgcaaggtggcttacactctacaaactgatcctacatcactgcaaagaacgatcaaaatcctggatgagttaatagcaagagaacaaaggaaaagagagtacttccaaagtgcttcaaacacagcatgctctggttcgagttactccttgacgagcatcatcaacgcaattaaggcacggaacacctgtgatttcacccaagaaaacttgagcgtgctacatagtgctaggcagcaactgatggaattcaagaacataaattgtgatttttctagaccatcaacacttgatgagtttggtgcactggattgtttgcagtttgaatcagcgagtgagataagcaggcatttgaaactcaaaaaccactggaatggatcattgttggctaaagatatgcttatagctttaggcgttctcggtggtggttgttggatgttgtatacttactacaaccaggaagtgtccaaagaatttaagttccaagggaaaagtaagagaacaagacaaaagttgaagttcagagcggcaagagacatgaaggatcgttatgaagtgcatgccgatgaggggactttagtggaaaattttggaactcgttattcaaagaaaggcaagacaaaaggtactgttgtgggtttgggtgcaaaaacaagacggttcactaacatgtatggttttgaccccacggagtattcatttgctaggtatcttgatccaatcacgggtgcaacattggatgaaaccccaattcacaatgtaaatttggttgctgagcattttggcgacataaggcttgatatggttgacaaggagttacttgacaaacagcacttatacctcaagagaccaatagaatgttactttgtaaaggatgctggtcagaaggtgatgaggattgatctaacaccccacaacccattgttggcaagcgatgttagcacaaccataatgggttatcctgagagagaaggtgaactccgtcaaactggaaaggcaaggttagtcgacccatcagagttgcccgcgcggaatgaggatattgatgcagagtttgagagtctaaatcgcataagtggtttgcgcgactataatcccatttcacaaaatgtttgcttgctaacaaatgagtcagaaggccatagagagaagatgtttggaattggatatggttcagtgatcattacaaatcaacatctgttcagaaggaataatggggagttatcaattcaatccaagcatggctacttcagatgccgcaacaccacaagcttgaagatgctgcctttggagggacatgacattttgttgattcagttaccaagggactttccagtgtttccacaaaagattcgctttagggagccaagagtggatgacaaaattgttttggtcagcacaaatttccaggaaaagagttcctcgagcacggtctcagagtccagtaacatttcaagagtgcagtcagccaatttctacaagcattggatctcaacagtagcaggacactgtggaaaccctatggtttcgactaaagatggatttattgtaggtatccacagtcttgcttcattgacaggcgacgttaacatcttcacaagctttccgccgcagtttgagaacaaatatctacagaagctcagtgaacacacatggtgtagtggatggaaactaaatcttggaaagattagttggggtggaatcaacattgtggaggatgcacctgaagagccctttataacatccaagatggcaagccttcttagtgatttgaattgttcattccaagcaagtgcgcaaaccaagtggttgttgaaggaagtgaaggataatgtgcaggcagtagctcaggccccaagtgctttagttacaaaacatgtagtgaaaggaaagtgcgcattgtttgaagtgtacttagccaacaaccaggaggcagaaaaattctttagacctatgatgggcttctatcagaagagtagattgaacaaagaagcttatacaaaggatctcatgaaatactcgaaggtgattgatgttggcttggttgacactgagaagttcgaaaagggtttaactaaagttgagtgcatgctaagacaaaaagggttcacaaattgcaattacgtgaacgacgaagcagacatctatgcagcactaaatatgaaagcagccatgggagctttgtactcagggaaaaagaaagatcatttcgaaggcatgccaatggaagaatttgccaaattcattagagcaagttgtgagcgtctgttcagtgggaaaatgggagtttggaatggctcgttaaaggctgaacttagaccacaagaaaaggttttggcaaacaagacaaggtccttcacagcagcaccagtggacacattactggctggaaaggtttgtgtggatgatttcaataacaagttctacagtctccatcttgagataccctccacagttggtatcaccaaattttatggtggttgggattcattgttgaataagctaccagatggatgggtgtattgtgatgctgatggctcgcagtttgatagttctctaacaccatacctgataaattctgttctgagacttcgactgaacttcatggaagagtgggacattggtgaggaaatgcttaagaacttgtacacggagatcatatatacaccaatcctaacacctgatggtacaataatcaagaagttcaaagggaacaacagtggacaaccatcgacagttgtcgacaacacactaatggtgataatggctatgtactatgcagcagaaaaacttggtgtggaaggagatttaagcgagtccattgtgttctacgccaatggtgatgatttgttgatagcagtgcacccaagtcatgagtggtatctagaccaactttctacacttttcaaagagttgggcttgaactatgatttctcaagcaggacaaagaataaaggtgatctctggttcatgtcacactgtggtataaagaaagaaggtttgtggattcccaagttggagccagaaagagtagtctcaatccttgaatgggatagagcggcagagcctgaacataggttggaagctatttgtgcatccatgatcgaagcttggggttatgatgacttgctcaatcacatacgcaggttttatttatgggttcttgaccaagcaccatacaaacagctcagcgcagaaggaaaagcaccctatatctcagaagttgcgttgaagagtttgtacactgggaaaccagctacaagttgtgaactagaagtgtacaataagatccatcaagagcagcacgatgagtttgatgacagccagatgaaatttgttttccaatccgacaaagagaagttgaatgttggtgagcaacaaaagtcaaaggataaggagtcaagacaaagagatcaagagggtgaaaactcaaacagacaaatcattccagacagagacatcaatgcaggaaccactgggactttttcagtacccaaattgaagaaaatatcaggaaagctttcactgcccaaaatcaaaggaaaaggactgctgaacttggaccacttgttagtttatgttccaaaccaagatgacatctctaacaacatagcaactcaagagcagctggaagcgtggcatgaaggagtcaagaatgcgtatgaggtggatgatcagcaaatggaaatcatatgcaatggattgatggtgtggtgcatagagaatggcacgtcaggtgatcttcaaggtgagtggacaatgatggatggagagaagcaagtaacattcccacttaagccaattcttgactttgccaaaccaacattgaggcaaattatggcccacttttcccaggcagctgaatcatacatagagttcagaaactcaacagagaaatatatgcctaggtatgggctgcagagaaatctcacagattatggactggccaggtatgcatttgacttctacaggttgacctcaaagacaccagcaagagctcgagaagcacatatgcaaatgaaagcagcagcaataagaggaaagtcaaaccacatgtttggactggatggcaatgttggaacagacgaggagaacacagaaaggcacacagcaaatgatgttaacaggaacatgcatcacattgctggagcacgattttag,0.941666666666667,0.871794871794872,1.05833333333333,1.12820512820513,2.29545454545455,0.409090909090909,0.363636363636364,0.931818181818182,3.2484076433121,0.876106194690266,1.37579617834395,1.64601769911504,0.967213114754098,0.819672131147541,1,1.21311475409836,1.1404958677686,0.948717948717949,0.859504132231405,1.05128205128205,2.50980392156863,0.549019607843137,0.235294117647059,0.705882352941177,0.382165605095541,0.382165605095541,0.229299363057325,0.382165605095541,0.8,0.652631578947368,0.821052631578947,1.07368421052632,1.01522842639594,0.736842105263158,0.984771573604061,1.26315789473684,2.1063829787234,0.553191489361702,0.382978723404255,0.957446808510638,1.28735632183908,0.666666666666667,0.620689655172414,1.42528735632184,0.49740932642487,0.435233160621762,1.49222797927461,1.57512953367876,0,0.969072164948454,3,1.03092783505155,1.88495575221239,0.663716814159292,0.451327433628319,0.47787610619469,0,0.941176470588235,1,1.05882352941176,1.03157894736842,0.879432624113475,1.62105263157895,1.12056737588652
Clover yellow vein virus,Riboviria,ClYVVgp2,land plants,ss-RNA,linear,NC_003536,YP_006395313_2,aatctgggcagaggatttagagcagcaatggctaggtttaagattgtcacaaaagttttatttaataaagcagtcatggaagcagcgggcaaagtattccaaaatactagcccagagagacgagctaggtgccagcgacaagttcagcgcatcactcagattgtcagtaacaagcattaa,1.2,0.5,0.8,1.5,1.33333333333333,0,0,2.66666666666667,2.25,3,1.5,3,0,1,1,2,0.8,0,1.2,2,4,0,0,0,1.5,0.75,0,0,0,0,3,0,1,NA,1,NA,2.28571428571429,0,0.571428571428571,1.14285714285714,1.33333333333333,2.66666666666667,0,0,0.666666666666667,2,0,1.33333333333333,3,NA,0,NA,0,0,0,0,0,2,NA,0,3,0.5,0,1.5
