virus,realm,locus_tag,host,type,shape,accession,protein_id,coding,AAA,AAC,AAG,AAT,ACA,ACC,ACG,ACT,AGA,AGC,AGG,AGT,ATA,ATC,ATG,ATT,CAA,CAC,CAG,CAT,CCA,CCC,CCG,CCT,CGA,CGC,CGG,CGT,CTA,CTC,CTG,CTT,GAA,GAC,GAG,GAT,GCA,GCC,GCG,GCT,GGA,GGC,GGG,GGT,GTA,GTC,GTG,GTT,TAA,TAC,TAG,TAT,TCA,TCC,TCG,TCT,TGA,TGC,TGG,TGT,TTA,TTC,TTG,TTT
Hubei rhabdo-like virus 2,Riboviria,BWS28_gp1,invertebrates,RNA,linear,NC_033261,YP_009337796_1,atgtacagctatggtatggagaaaataattgagaaaggccccctcggacgagaaactagttgggggacctttgcacttgaaacagctcgattgccagcttctctatggcatgatagtcaattggagactattaagatgcctgaaattttgaattatggagttcctcttgaaccagagcagtcgataatggctctagaaatgctgttgaatcctacaccaccaaagatattgcttgataatgttggactactgttggctgagctagccgtacgagcatgccgggttccactcaaaatgcaggaaatgctgttttgtgaagaaattcatcgtcaggccccatataagcacttggtggacagcccatgtcaattggactggaatcgtttgctgcgcttgccaccagtgacgcctaaagccgccacacagcaagctagtggcggacaagtagcagaagcagatccacagcccagtgcagctagaccagtggagttagacgagtcaataaagtattcaggccacatagagctgagcccaaatgcagcagatgttgtgcaaatactccgtgaggagttaaaggggccccttggtgtgcctgtactcgtcggggcatatatcggatattgggccttatgctgcctgcgtgcagtttcaaaatcagaaggtaatattacagcacacatgggagccaaatatcatgacaattttaaaacattgtatcagccggagcataaattgcctatcataccgttgacacagagcttcttcaataacttgattacgcattttagtgcaagagtaacagcagccgcatcgatcatttatgaatgtgtgacagctcaatggtactatttgaatcgggataagaacacacaggctgttggagcgttacgtagtgctgtcactcagaatgcatctttccacggcttgcaaatgttcaactttttccagagggttgcggagctgtataatttgccgatatatcagattgtgagagaactgtgggctcacccttacattcccagtctgattcatatgttaggtgctcatatagcatacatccacaagccagatgagagagcagctgtagccaaagagtttgggttcaagcttactgccgaggagttgaaagctccaagatccatttactggagcttcgctcggtactttgacagcactgttttggcgcaactgaactgtagagaatgtccagaattagctgtgacattggcgatgctgattgatgcacaagaatcaaatgaggaatcaaaaagcagaatcatcgggaactatcgcttcccgcccattgatgacgataagatattccgttgtgctgcagtggccttggagtttatcactagatcacagggccaacactggcgtggcgctgatgatcccacgttcactggtgcatccgccaaagccggagtggattacaagggacgcgccatcggtggcctgtctgacgaaagtatccgacaacaacgtatcgaggcaatagtggtgaaagcacgaaagttcgtgaccacaagtaccactgcttcgagcaatccacctccaatgccgccacgtcctctgccctctgtctctgcaacgctggatcaatccagtgccccgcaggatgcaacagctgaacagaggccgtcgatcccatcgcatacccaaacggcgggcacggtacaagtggctcccggagcaatgcctcctggcactagccacacgggagagcctgccgctggcggcgcaaagcttcccgcatttgctgcctatttggctaagaagccttaa,0.962962962962963,0.555555555555556,1.03703703703704,1.44444444444444,1.5,0.5,0.875,1.125,1.6,1.38461538461538,0.4,1.53846153846154,0.942857142857143,0.942857142857143,1,1.11428571428571,1.03448275862069,1,0.96551724137931,1,1.58333333333333,0.75,0.583333333333333,1.08333333333333,1,0.6,0.6,1.8,0.428571428571429,0.428571428571429,1.5,0.642857142857143,0.947368421052632,0.666666666666667,1.05263157894737,1.33333333333333,1.48571428571429,0.914285714285714,0.285714285714286,1.31428571428571,1.33333333333333,1.33333333333333,0.606060606060606,0.727272727272727,0.774193548387097,0.387096774193548,1.80645161290323,1.03225806451613,3,0.666666666666667,0,1.33333333333333,1.07692307692308,0.461538461538462,0.769230769230769,0.769230769230769,0,0.666666666666667,1,1.33333333333333,0.642857142857143,1.1,2.35714285714286,0.9
Hubei rhabdo-like virus 2,Riboviria,BWS28_gp2,invertebrates,RNA,linear,NC_033261,YP_009337797_2,atggctgataggtccgaggataacgaaccccaatgggccagaatgtcagatgagatgcaattgacagcgagcagaacatatgaattgtcaatggcacaagaagggatcccagtgggtgacgattttagtgacgctccgtcgcaccaatctgagtcaatgcacactgcagagagcactgggttttctactgccgagcccattctcgcagccggtctccaacggacagagggaggagagttcaccccatcagagcacacagaagagactaccgacccaggaatacaggagacagatacgtcaactataaccgcttcagctgtacgtcggtcattgagcactccacaggtcttgcacaagtcatctcgatcccggggcgcctctgattcatcagaggaagactcggaaattggagaggagaagttttgtgactcatttttggacacaatgcgttatacaggagttcacttgcttgggtatcaaaagaaccaagcggagtcaactgcaaaacagatttatcgctactgcccaaaaaaggtccaatccatattaaactggggactcgaccttatagtgcgaactctcccattcaagatcacagtagagactgacaaacaggcagatagcttgcgtcgatcaatcggggaaacacaagttgtgctaaaagagcatcagatcctggctgaaaaatatgctgaatctcagcaaaatttgttggatcaaatgaaagcaatccagctagatctagtgcatcaaattggtcaagcctccatggcagctaaggtgcagcctgttgataatggagaccaattacgtaccctgattgccatcattgggcaggtaaagataatggatccgaccacgcaagtggagcgataccccaccatggaggaactccaacatttggagacatacaaaacagcggacaatctattgcgcgcttacggcaaggcgggggtaatgatccaagactggatcacgcaattcaagtga,0.875,1,1.125,1,1.51724137931034,0.827586206896552,0.413793103448276,1.24137931034483,0.75,0.827586206896552,0.375,0.206896551724138,0.789473684210526,1.26315789473684,1,0.947368421052632,1.33333333333333,1.25,0.666666666666667,0.75,2,1,0.666666666666667,0.333333333333333,1.5,0.75,1.125,1.5,0.923076923076923,1.15384615384615,0.461538461538462,0.461538461538462,0.689655172413793,1,1.31034482758621,1,1.12,0.96,0.64,1.28,1.55555555555556,0.444444444444444,1.33333333333333,0.666666666666667,1.06666666666667,0.533333333333333,1.6,0.8,0,0.888888888888889,0,1.11111111111111,2.68965517241379,0.827586206896552,0.413793103448276,1.03448275862069,3,1,1,1,0.461538461538462,0.857142857142857,2.53846153846154,1.14285714285714
Hubei rhabdo-like virus 2,Riboviria,BWS28_gp3,invertebrates,RNA,linear,NC_033261,YP_009337798_3,atgctagtcggagccacaacttgcgctgaagtaacaggggagccagatgtccatgggggaatggttgctttcgccggtgatttgcgagtggattatcctgtaaccatcacatcgggaatacggcgccaagcttggagtataatagttgatcacgtggagaaaacacgaaagccggtgttcatgtacgcttggctattcgagcatgtgatgcgtcatagccattacaagggaatcgatccatccctcctggccaagaatattcatgacacggaaacgcgtttgtggcgtgggagctggccggcaagagctgattttgagatggagaattcaactcccacaagcttggttgtcgaagatggtcgcattcactggacattacaatcccctaatggcaacatcacagtctacatcaaaggaacaatctatttggcattatctcggctgcgaccatctacttttgaaagcatgcatctccaatgctatgtattgggaacgttgcccgaaaaggctgctcaaatgcttgcccaccataacaaaatggcgagacagctggctgatacagtagctgcagaagaccaagatcgggaatcggcaccaggaccatctgggaccaaaatcttgtctgtatctatgccactccagaagtga,0.888888888888889,0.8,1.11111111111111,1.2,2.11764705882353,0.470588235294118,0.705882352941177,0.705882352941177,0.923076923076923,1.6,0,0.4,0.818181818181818,1.63636363636364,1,0.545454545454545,1.42857142857143,0.6,0.571428571428571,1.4,2,0.666666666666667,0.666666666666667,0.666666666666667,1.38461538461538,0.923076923076923,1.38461538461538,1.38461538461538,0.666666666666667,1,1,0.333333333333333,1.16666666666667,0.363636363636364,0.833333333333333,1.63636363636364,0.888888888888889,0.888888888888889,0.222222222222222,2,2,0.285714285714286,1.14285714285714,0.571428571428571,1.25,1,1,0.75,0,1,0,1,0.4,0.8,0.8,2,3,2,1,0,0.666666666666667,1.2,2.33333333333333,0.8
Hubei rhabdo-like virus 2,Riboviria,BWS28_gp4,invertebrates,RNA,linear,NC_033261,YP_009337799_4,atggagcgtcttgatgtatcgtatgcgcgagaattttattacccagatacacatttaaatacacctttgaccgactatatcgcccgatacaatacgggtggaatgacaagtactcggaaagaaattacaaatacacgactagcatgggagacgttaaatgcttggactaatgcccctgtgcacattagaactgatgctcataagttaatggggcaatttctacttgaattgaacagaattcgacaatcatcgtataaagtggtcttgactccttggttcgatctctccttgggagcagaaatattgtcagaccaactggccgggctagctcatcaacattcccaattaacttatgggtcagttaggctgttacgacaagttgccagagaggagtcagacaaacggttattagcgatcaggatcttatttcagcgtgcagtggaaatgaactctctatatcaaattcatggtttggctcacggcctcctagaacgaaaagaagagtgtctagttcatcaaataacatcagagctaacggtttaccttggaggagttgttgtgctatggaaatggagatctcaatggtggttaaccgatcattacttcttattgtgtatcagtgatgtggtttcccagagatgcattgcaactagcatgtgctctgtggcggcgcaaacacagagtcccggatatccgtcagagcacctgctgtggcaggtttatgcttggggagatgaattgcttgaattcttaggcaactgcgcctatgatgcgataaaattgtatgagagcctgattgcgagcataatgcagctaagataccatgacattgagtttccagacccctatgcatacaatcatgcaatcgaatctgagttagtgagagtgattggagatcatccgcatttaatgatgacgtttgccactctcaggaacaaattactgagcaaagatgtgtcggatgaacacttgacacaattgtttggtctgtttcggcactggggacacccgttcgttgacacattagaaggagcagcaaaagcaagagaagtagctacagcgaccaaagtaatttgtccgaaaaccgttatttcgcttgtatgttcatttaaggcgatggtatgtgaaggatacagatcaaaacacggtgtttggccaaacttggacataagcgcacttcctgatagcactgagttgtaccgagcattatctagcaatcgagatattgttcgaacaaatcgaagttatgccgaaacccagtggttgctggtaaaagggctgaaaacatttgaacaaggtgactcgatgtcaatactaaacgtgctaaatgataaggcggcgtcattaccattggatgagtttattcaagcagctcagcacaacagaaggggtaggtggacagatagaagagtcattaccaactggatgaggtcacactacgatgatgtagggaagacattgcgtaggttcgactctcatggagtggatcgtaatgatcgcctcattttggtcaccccaaaggaacgggaactaaagatcgcaccaaggctgttttccctcatgccattaggattaaagctttatttggggctatcagagcacctattggctgaatatattctgcctctgatacctgaaataacaatgacggatgacgcattgacggtgctaaagaagcagtacactgcgactaaaggattacaagtaggccggcagaaagtaatttctacagttacaaatatagactttcaaaagtggaacctgcaatggcgttatgagtcaactaaagattgtttcaagtttctcgatgaattatttggatttgaccaattattcactatgactcatcaagtgttttctagctgtatttttgcggtcgttgacaatgccgtaatgcctcaagtagagtcagggcagctggtgtacaatgatagatgttggtcaggccatcatggcgggtgtgaagggcttcggcaaaaggcttggacacttctaactgtagcgggaatccgcacagttctaaacagaaacatggtgccattttacttgcttgggcaaggagataatcaagtgcttgtaacagttcagcgagttcgccattgggacgaacatgatcgagtgactccgtacgagtggaacagagttcgattagagtttttacaaataaggcaggagttgtttgacttctttaatcgattagggctgccaatcaaggaggaagaaacgtggtcatcacgaacatcatttgcgtatagcaaagactactatatatgtggaaaacccatgcccatgtcattgaagaaaggctctcgaatgtttcacttagcaaatgaggattatccgtctttggagaactccttgtcgtccatatattccaacgctcaagcagcatgcgccagggattactcactagtagttccagcagtagtggccaatactgaggcgagcatttgtattgattaccatatgacaaggagcccaattaggttgacatcactgtaccctgagttccctaatgagattggagattggatgatggtggcatatgataaagaaggcagatcagtacgaatgtcaataccggaagatgcttgtagactcgcatgcaactcggacaggaagcggcttatctgggctatgttgaacttgccaccatcattgggcgggtatcccatccaagtggcattggattacttttctcgaggcttccctgacaacctgagcacggcgctcacgcaactatacatgattagatctgcagtctcagaggaatggaagcaagagctcgtgggcaatatgataaggcctttattgagtgataaaattgattacaatatgttgttctcagatcctgtctcaattaatctactcagctctcagcggcgagataatgtactaaaagggatggctcggtcagcactgcaggacatgccctttgttgtgaaccccatggcagtgacacttatagagctatctttaaacgatcaagatgatttagtggaggcgttgtccactatgacgccgttggcgccgatgctggcaggtgatatcctggatgctacaattgtggggcaagccaagagttttctggggcggtttgactcaactcgatctctacaaaaattagttcggcaagtaacctccaagccaacttgggcccctctggcgcaggcagaattaaattatgccctaagtgttttgctccaaattgcgtgctcacaccctgactttaagtcggtatccgcatgcccgtcgtgccatgcacaacttctgcgggaatatggctggaagaacgaaactattgcgggggtaacagttccgcatcccttgcacttcacagagatgtatcgcctcgacattagttactgtaataactgtcgatatggcttgcagacagattatgtgtttattaaggtaaatgagcgagtaaatcagacgtcatcaattatatggaaagaactggggccaatggtgccgtacttcgggtctgccacaaaagagaagcttggaattgtaagggactacgttataaagaatgtagaatcaggagtacagagagctttgaagttgcagcgagtcataggttggatggtatctgcctcagacccattggccgacctaattgaaagattatgtaaagcagtgacagatgctgatcctaaactattgcagtgtgtattgacctcggtttcaggaagctgggtacacaggtatcatgacatgaggttgaggcgaggcggtatgctaaacagcctatacacccctgcgacacatatgtccatatctacaaataaaatggtcacttacagtcgaggcggagcgaactttccattgcattaccagcagcttatggtgtcaagtcaggcggttgcaatcttagatctgcttactgtggacttgtctttgataaatttagccggatatcattgtcatattgcgtgtaccgactgtctgccggttttgactgatgagccaatcaaagggactcagataatgaccaagtgcaccattctttctgggaagagagtcccctcaatgtggatagacagggatttgctgctggaaaactcacgacctaggctactaatgactcgatcacggcgcagtgatctatcaactattccagacggcatcggtccagatctatactatgctatattggcacgggaaattgcagcaagtattgtgagtagagcttcgcattctgagagcatcgatacaacagaacatgatgtgttacctgccgtgtggttccggaaagtgtatgtaccagaattatgcatgttcttaattatggaattacggttgttattggcacgccgataccagtttacaagattagctgacagtagcgtcacagataaagaaagcctctcttacagcttaactcagtggtggttaacaacttctcctctggcggcatttgccccgctaagtgggatttactattttagagaacaaaggctaacagttacaagcagtgaacttatgccacatcaccctcttggcgctccatacactcttgaacaagtgctggctgcatgtaagaggaatttgatacaagtatgtgtttatatgcagagcaatagtacaaactacacattatactataggtggaagcaaactctgaggtattggttgagcgatgtgagctcagtggagcaggtgttgttgagcactatggctggaccgctactatcaagagcaaaccccttgacagtgattgatgccgagtggaggatggtccaaaaactacacgaaatcttaactatgcagccgatttccggagtcaattctttagaagatgaggagaggtggttgagtcatatctatgatgaactgtctggatttacagcagcaagtggtaatcgtaatgtggcgcaaaaactgctgcataagtggcgatatgacacacagattacttacatagacatgactttagacgccttcttcaaggccgttactttacctgctattcttctgccaacaaatgacgctcccacaattgtgttgtctgacctgccacgaacatgctccctcattggggctgacttaatggggagtcggagaactatgaaatacggttacgacacccctactcagttgcgtagaagatttgagttgaatccagtgttacattccttgaaagtagtcactgaaacgactagcgccccatacaagtatttaggagtgttccagtatctacaactgcagtttgcaaactaccatcacgtgttgtgtgcgggtgatggaagtggcggagtgagtgctcttataatgcgacttaatccactaatcagagtatactacaatagtataatgggaaacgaatcgcctcttcaacatagtttgcctgactatgccccacccgcagtagaaaaatatgatccagggtgtggtatgctagaacatttgcaggagagtgtagagggctttagcgacatcacacttccacagtttgttgaacagatcacaaggataatcccgagggatcatttcgacctactcatatgtgatgcagagggagagggtatcagcactttgcaacagcaaatgatggctctccacaatctattggagctaactcgacggggtataactactcgaaaagctgtgctcatatacaaaacatatttgaccaatttggaagttatgcaagcaatgatggcgatggttacgagttgttattggcatggaaagataataaagagttggttgtcatcattgggctcacaggaggtgtttgttgtggggttgactccgaaggacactcctgatcattataaactgttctttgagggtctgcgctgggagctgcgtgctaatgacttttctggacgagatagcatcccctctccgtcagaactaccagcattggaagaaagcatgttggctacacttcgggaagctgcggaggcctactccactgccctgactactaacttgaactcccaagcaattatcgcaaagtggaattacctggctctgtcttttggggtgccgtcacatcaccttaagtttactactgaagtgtctttgctgcggtatgcgatggggcgccaagggagtttatatcaaagcgatctattaataagcgggcgagatatgttcctgtatggtcagcgtatgactttagatctgactaacgcccagttcatcggtgcgcagatgattgtgttggcaacctgctgcttagggtcatgggaacaacgaattaaatatgcgttgcaccccccagacaatgcgtacctggttgcatacttaacaaacatggggacttggttcatcactccagctcgattatccccttatgatgctgaaatgatctatgccatttccagaacagcttttcataaggaatgcgcattgtacaagatagacgcagaatcatggacaggtaatgtaggcaaaaacgtatatagcaatctcgggatcatttaccatcttaagaaggctcatcattgccgcaagagaggagagttttcactgatatttggagattctgttgctgcacctaaactaaagtacccgttttacttggatcatagtcaaatctatcacgtatgtgggaggggcatgtacataaataagctgtatcaaccatccaacagggagatttggaaaatcctaaataacaagcaacttctttag,1,0.853658536585366,1,1.14634146341463,1.57664233576642,0.467153284671533,0.37956204379562,1.57664233576642,1.36764705882353,1.10982658959538,1.32352941176471,1.00578034682081,0.940677966101695,0.76271186440678,1,1.29661016949153,1.10869565217391,0.65625,0.891304347826087,1.34375,1.44329896907216,0.577319587628866,0.865979381443299,1.11340206185567,1.63235294117647,0.397058823529412,0.882352941176471,0.397058823529412,1.00714285714286,0.385714285714286,1.05,0.664285714285714,1.10909090909091,0.789473684210526,0.890909090909091,1.21052631578947,1.36,0.746666666666667,0.906666666666667,0.986666666666667,1.28440366972477,0.770642201834862,1.21100917431193,0.73394495412844,1.08029197080292,0.37956204379562,1.48905109489051,1.05109489051095,0,0.980392156862745,3,1.01960784313725,1.73410404624277,0.658959537572254,0.416184971098266,1.07514450867052,0,0.731707317073171,1,1.26829268292683,1.2,0.657142857142857,1.69285714285714,1.34285714285714
