virus,realm,locus_tag,host,type,shape,accession,protein_id,coding,AAA,AAC,AAG,AAT,ACA,ACC,ACG,ACT,AGA,AGC,AGG,AGT,ATA,ATC,ATG,ATT,CAA,CAC,CAG,CAT,CCA,CCC,CCG,CCT,CGA,CGC,CGG,CGT,CTA,CTC,CTG,CTT,GAA,GAC,GAG,GAT,GCA,GCC,GCG,GCT,GGA,GGC,GGG,GGT,GTA,GTC,GTG,GTT,TAA,TAC,TAG,TAT,TCA,TCC,TCG,TCT,TGA,TGC,TGG,TGT,TTA,TTC,TTG,TTT
Hubei tombus-like virus 42,Riboviria,BWX23_gp1,invertebrates,RNA,linear,NC_033207,YP_009337685_1,atggacgcatcattgttcccactaaacatatggattcattcatctcaacaacacatgaacatcaggcgggctatatcgcacacccttgtttgtgtcgtccaagggtgcgccgtagtcaaagatcgactaatcgcccatataactgtaaacatagacgacccaatgccagttgtacttcaaatatcgccgccgtcgaaacttcaaatggcgataaaccacgcatgtaacctcagatctatcgtattgtcgtcgacaatctgcgtggcaaaacgactctccggcgcaatctcccaagcagcccaatccatacacaccgggttacatctggctcttcactatacattgttaggcgcagctgttacagccatcattatatggttcattaaaacccgcaagtgtcgcataatcaaagtgcgaaaccataaccagatggccgacattcgacgaatcaaagaacaatttgcaactaagatcaagcgcctaacacctccggaatttgaacagggcaaacacgtgatttgtgcttgggaaaggaaaactactgaacagatcattaacgaatggttccatgaccaaggcatcaaattccgagatataggggggtccagagtgcggggaagtaactacgctacatcacgacacatatgtaacccaactctggactcctcggatattctacgcagagctaaacaacctaccacaatattcagtgagtgcacatgtctggggcaacattgtccttataagaacgaatacccaggagcgatgttcatacattccgactattacctcgatgccaatgctttaaccgattgtgtgcggtcccacacgtttgttgtcacacatcgattcacaggtgacgaaggaactttcttcaatgaagcccaatgggtgaaacatggtaccaagatcaccatgaccaccccagatggcaccaagtacaatcacccgtacaacctgtgggagaacgaaggctgcattgtaggctctagcaatgcatgcatctatgctaaagtaggatccactgaaacatccgatatttactacctatttcctgccgatggaacatatttgaaagatgatcgcttagcccttaaaagatccactgagctggctgaaccccttcatcctagcggctacgttatcatcaagtcagaccaatttttcatctatgacgatcatgataacctaatgatcaaagggccagtggatattatatctcgtatgaagttacgactaggcttggccgctcgcacctctaacttcaatagcgtgttcttcagctacttacaggctaggtgtcaggccgaagaaataggtataacggatccattaaggttaactgaattcgctctaagagaaacagaacaatttgctctaacaattgcacctcggtggtcgcgtcaatgggatccagcaaacatgacattgtgcactggtcttaagttgagacttcatagaatgtacaacaccataatcagagctacgttcgacttgttacccacatgtcgactgagatgcatttttgctcacaggattttagcaccgtgggcctatagagagataacactgcctggttatatcatggaggtcagaccacaacacactgatgttcgtggactgcggccgagtggacagccctttccggacgacggcacggataatgatgccgaacctgacaacagcgaatctgtccgtgccgatagtgtgtcaggagaatttgatagccagtctggaaacgagagtgatgggtaccaaaccgcaacctcatccaggtctcacgttcgcaatgaagccccaattgttgataccgatgcctctactacctcaacacccggccaatcaggacggactgctagcttattgccaacggatgggatggacagcgaaactagtagacaaatacgacccatcacaagacaagatagtgcagattttgagaaatccctcatcatattcagcggacccagctctagcacctctctgccaccaacggtcgtactggaccccaacagaaataccgttagctctgcattatacgacgaccctatactcctcacagccgagcagtttagatcattgtgtcaatcgaaagacgctgtcctcaaagctcacttctccaccaaacggactcgagaacaaatttaccatcaactcgtccaagaagcacgtagagccaagagacacccctctgagactgctggtggaggaatttctgaagaccccggaaatggagtggttcccacaccatctcgaaccactaccgttcgaccagtgggtcaagagatacccaaaatggcgccgcaaacaactcgagatagccaaaatgaaagtggacaaagtagggataacgtccaaagacgcccgagttcggaacttcataaagcgcgagaccacccacaagttcaccgacccaagaaacatcagtccacgcacagacgagtttctggtcacagtcggtccctacatcagcgccatagagaaacacgctcatcacgccccattcctggtcaaaggcatggggctaaagatgcgcgcaaagaagatggataa,1.37142857142857,1.35483870967742,0.628571428571429,0.645161290322581,1.29411764705882,1.23529411764706,0.411764705882353,1.05882352941176,1.69014084507042,1.04,0.676056338028169,0.88,1.1,1.05,1,0.85,1.51219512195122,1,0.48780487804878,1,1.38775510204082,1.06122448979592,0.73469387755102,0.816326530612245,1.52112676056338,1.01408450704225,0.676056338028169,0.422535211267606,1.01694915254237,0.813559322033898,1.01694915254237,0.915254237288136,1.48717948717949,0.823529411764706,0.512820512820513,1.17647058823529,1.03448275862069,1.24137931034483,0.344827586206897,1.37931034482759,1.47826086956522,0.956521739130435,0.782608695652174,0.782608695652174,0.682926829268293,0.975609756097561,1.07317073170732,1.26829268292683,3,1.23809523809524,0,0.761904761904762,0.88,1.2,0.72,1.28,0,0.777777777777778,1,1.22222222222222,1.22033898305085,1.21428571428571,1.01694915254237,0.785714285714286
Hubei tombus-like virus 42,Riboviria,BWX23_gp2,invertebrates,RNA,linear,NC_033207,YP_009337686_2,atgttcgtggactgcggccgagtggacagccctttccggacgacggcacggataatgatgccgaacctgacaacagcgaatctgtccgtgccgatagtgtgtcaggagaatttgatagccagtctggaaacgagagtgatgggtaccaaaccgcaacctcatccaggtctcacgttcgcaatgaagccccaattgttgataccgatgcctctactacctcaacacccggccaatcaggacggactgctagcttattgccaacggatgggatggacagcgaaactagtagacaaatacgacccatcacaagacaagatagtgcagattttgagaaatccctcatcatattcagcggacccagctctagcacctctctgccaccaacggtcgtactggaccccaacagaaataccgttagctctgcattatacgacgaccctatactcctcacagccgagcagtttagatcattgtgtcaatcgaaagacgctgtcctcaaagctcacttctccaccaaacggactcgagaacaaatttaccatcaactcgtccaagaagcacgtagagccaagagacacccctctgagactgctggtggaggaatttctgaagaccccggaaatggagtggttcccacaccatctcgaaccactaccgttcgaccagtgggtcaagagatacccaaaatggcgccgcaaacaactcgagatagccaaaatgaaagtggacaaagtagggataacgtccaaagacgcccgagttcggaacttcataaagcgcgagaccacccacaagttcaccgacccaagaaacatcagtccacgcacagacgagtttctggtcacagtcggtccctacatcagcgccatagagaaacacgctcatcacgccccattcctggtcaaaggcatggggctaaagatgcgcgcaaagaagatggataagctcctaggctttggtaggtacctggaggttgacttcacaagattcgacaaaaccatatcagcagacatcattcgaattgtggagaagtacctacttacaaagccctattcgcgcgatcatcatgcttaccaccaatgcatgaaacaactcaccacaacatccggtgtgagttactttggcactaggtataaagttaaaggcactagatgctccggtgatgcacacaccagcttggggaatggcctcattaacagatttataatttggctgtgccttagaaaattacctcagaatgcctgggattcgatgcacgaaggggatgatggaataattggtgtatcattgtcctatgttaaccaagcggtatacaacctccaatttctcgcttgtctcgggttcgaatccaaacttaaagtgtgcaaatcgattgaggaggtagtcttctgtggcagacgccatgtcagaacagctaaagaatctgccaccatatgcgatgtgataagaacaatgcggaaattcaatacaacttgttcgttaggcccaccagacctactgctgtatgccaaagcactgagttataactacactgatgctgacaccccgattatcggtccagtatcatatgccgtagccagatgcttggctcactgtaacatcaagtactctcggaaacaattcaagagagcactcaaaacagccgtactggaacggtgggttcttaacgacaacatcgggtccatatcttatcaccgcctccttaatgctaaaccgcccgacatcagtccatatcttatcaccgcctccttaatgctaaaccgcccgacatcagtccagaaacttatgcaacagtga,1.2,1.21739130434783,0.8,0.782608695652174,1.3953488372093,1.3953488372093,0.744186046511628,0.465116279069767,2.36842105263158,0.585365853658537,0.315789473684211,0.878048780487805,1.45454545454545,0.818181818181818,1,0.727272727272727,1.23809523809524,1.2,0.761904761904762,0.8,1.65853658536585,0.48780487804878,1.17073170731707,0.682926829268293,0.631578947368421,1.42105263157895,1.26315789473684,0,1.14285714285714,1.33333333333333,1.71428571428571,0.666666666666667,0.818181818181818,1.37931034482759,1.18181818181818,0.620689655172414,0.914285714285714,1.48571428571429,0.457142857142857,1.14285714285714,0.615384615384615,1.23076923076923,0.923076923076923,1.23076923076923,1.05882352941176,0.941176470588235,1.41176470588235,0.588235294117647,0,1.04347826086957,0,0.956521739130435,1.46341463414634,1.60975609756098,0.878048780487805,0.585365853658537,3,1.2,1,0.8,0.476190476190476,1.33333333333333,0.666666666666667,0.666666666666667
