virus,realm,locus_tag,host,type,shape,accession,protein_id,coding,AAA,AAC,AAG,AAT,ACA,ACC,ACG,ACT,AGA,AGC,AGG,AGT,ATA,ATC,ATG,ATT,CAA,CAC,CAG,CAT,CCA,CCC,CCG,CCT,CGA,CGC,CGG,CGT,CTA,CTC,CTG,CTT,GAA,GAC,GAG,GAT,GCA,GCC,GCG,GCT,GGA,GGC,GGG,GGT,GTA,GTC,GTG,GTT,TAA,TAC,TAG,TAT,TCA,TCC,TCG,TCT,TGA,TGC,TGG,TGT,TTA,TTC,TTG,TTT
Mycobacterium phage HarryOW,NA,JMN63_gp01,NA,DNA,linear,NC_052432,YP_009978134_1,atgaccgcatcggtcagcatccgagtaggagagatcttcgaggacgaagatggtctgtggaaggctcgcctcatcgtcggggaccgtccaggggggaccatcactttaccagagcacctggtccggtcggcgatggagaacgctgctgagtga,0,2,2,0,0,2.66666666666667,0,1.33333333333333,0,2,0,0,0,3,1,0,NA,2,NA,0,4,0,0,0,1.5,1.5,1.5,1.5,0,1.5,3,0,0.333333333333333,1.33333333333333,1.66666666666667,0.666666666666667,0.8,0,0.8,2.4,0.8,0,2.4,0.8,1,3,0,0,0,NA,0,NA,0,0,4,0,3,NA,1,NA,1.5,2,0,0
Mycobacterium phage HarryOW,NA,JMN63_gp02,NA,DNA,linear,NC_052432,YP_009978135_2,gtgagctgggagtcatctgaccgtcgtgagcggctgcctgccgactggctccgcatccgtcgcgaggttctgcgggcggctggtcaccgctgccagatccgctacgcggacgtctgcacagggatggctaccgaggttgaccacgtccgctaccgcgacgaggagtcacccctccaggcgtcgtgcagaccgtgtcatgcgcggaagtccgcgatggaaggcgtcgctcagcgtgcgaagctgcgcgcgatgaagaagcggccgccgccccgccacccaggacgccgcacaccccgggaggatcagtga,0,NA,2,NA,2.66666666666667,1.33333333333333,0,0,0.3,1,0,0,0,3,1,0,0,1.5,2,0.5,0.5,1.5,1.5,0.5,0,3,1.5,1.2,0,2.4,3.6,0,0.25,1.66666666666667,1.75,0.333333333333333,0,0.363636363636364,2.54545454545455,1.09090909090909,1,1,1,1,0,2,0.666666666666667,1.33333333333333,0,2,0,0,2,1,1,1,3,1.5,1,0.5,0,NA,0,NA
Mycobacterium phage HarryOW,NA,JMN63_gp03,NA,DNA,linear,NC_052432,YP_009978136_3,gtgagcgagcggttctacgtgctggactgcgaccggtgcgggaggacgttgggctggactacgaacggagcgttccccgtcgaaggactgacccgctgcagcgagtgtatgacgaagcacataagggagggccaggcgtcctcgtag,0,2,2,0,0,0.8,2.4,0.8,0,3,2.4,0,3,0,1,0,0,2,2,0,0,4,0,0,0,1.2,2.4,0,0,0,4,0,0.5,2,1.5,0,0,0,4,0,1.6,1.6,0.8,0,0,1.33333333333333,2.66666666666667,0,0,2,3,0,0,1.5,1.5,0,0,1.5,1,0.5,0,2,2,0
Mycobacterium phage HarryOW,NA,JMN63_gp04,NA,DNA,linear,NC_052432,YP_009978137_4,atgggaacccgaggcccgatcccgaaccgctcagacgagcgggttcgccgtaacaaagaagagtacggagaggttaccactctcccagtctccggacccgtgaagtcccctccgctcggtctcaccgatcctcacccgatcgtacgagacctctacaactctctagccgagtcggcgcaagccgcgctttatcagccgtcggactggcactacgcgaagttcaccctccacttcgccgaccagctcctgaaatcctccaagccctcgtcgcagatgctagtagccgtcaatcagatgctgtcatcgcttctggtctcagaaggtgacaggcgacgggttcggatcgaggtggagcggacgaagtcagacggcccggatgcgtcggtgacgacgatgggcgagctgttcgagcgcgctctccgtaagccgaagtcgagctag,0.5,1.5,1.5,0.5,0,2,1.5,0.5,0,0.352941176470588,0.461538461538462,0,0,3,1,0,0.4,2,1.6,0,0.333333333333333,0.666666666666667,2.33333333333333,0.666666666666667,1.38461538461538,1.38461538461538,1.84615384615385,0.923076923076923,0.8,2.8,1.6,0.8,0.4,1.5,1.6,0.5,0,1.77777777777778,1.77777777777778,0.444444444444444,1.5,1.5,0,1,0.727272727272727,1.09090909090909,1.09090909090909,1.09090909090909,0,1.5,3,0.5,1.41176470588235,1.41176470588235,2.47058823529412,0.352941176470588,0,NA,1,NA,0,2,0,0
Mycobacterium phage HarryOW,NA,JMN63_gp05,NA,DNA,linear,NC_052432,YP_009978138_5,atggcagtgactgtttacgaccgcaacggcgaaccgttcgaatacccgaacgggtcctacatcaccgtcgacgacgaccagcctctgagaatctgggacgaagacggggagcttatcggagtgttcaaccaggctgcatggacccacgtcaaagagatcgtcccacccaaacccgggaagcggacggtcgtcaagaccgggttcggcgttgaagtgcaagaacgcacctaa,1,2,1,0,0,2.66666666666667,0.666666666666667,0.666666666666667,1.5,0,0,0,0,3,1,0,0.666666666666667,2,1.33333333333333,0,0.666666666666667,1.33333333333333,1.33333333333333,0.666666666666667,0,3,1.5,0,0,0,3,3,1.42857142857143,2,0.571428571428571,0,2.66666666666667,0,0,1.33333333333333,0.571428571428571,1.14285714285714,2.28571428571429,0,0,2,1.2,0.8,3,2,0,0,0,6,0,0,0,NA,1,NA,0,2,0,0
Mycobacterium phage HarryOW,NA,JMN63_gp06,NA,DNA,linear,NC_052432,YP_009978139_6,atgaccgtcacgatcaccgccgacgtccgcgacgtcaccggtcagcccgacaaccagcagtgggtgttctcgaccgtgctccgccagcaggacggctcgatcctcacccagaagcaggtccgggtaaacccggtggacggcgcgctgagcgtagagctggaacccggcttcgcgatcgtcgtctacggcgagtaccgctggttcatcgaggtgcccgagaccgacgccggtctgtggggtctgatcgccacctcggtagcggtccctccggacacctccgctgaactgctcgctgacgctgtcaacggctacctcgacgcgaacccgccgtcagcggactgggacgcgttgtcgaacgtcccgtccgagttcccgccggaggcgcacgaccacgtagccgcggatgtcaccgacctcgactcggctatcgccgcgtacctggtctcgaacccgcccgaggcaggctcggtgtcctgggacgacatcgacgacaagccgtcgacgttcaccccgagctcgcacacccactcgatcgctaacgtcaccggtctccaggacgctctcgacgagaagctcgacgaggccgaggtggacgcccgggtggctctcggcacggccgcgctggtcgactcggccccggcgacgctggacacgctcaaagagctggccgcagcgctgggcgatgacccgaacttcgctaccacggtcgcctcgcagatcggcgcgaaagccgacaaaaccaccacgatcaccgcgggtaccggcctgaccggtggcggggatctgtccgcgaaccggacgctgaacgtcgcctatggcaccaccgcgggcaccgcggcgcagggcaacgactccaggttgtcggacacccgcaccccgaccgacggatcggtgaccaacgccaaagtcgcatccggggcggcgatcgcgctgtcgaagctggctaccggctacgtcgccggctcggacaactccggtgcccggacgctgactatctgggtcgggaccgaggcgcagtacaccgcgatcggcacaaaagactcgaacactatctatctcaggactgcatag,1.11111111111111,2,0.888888888888889,0,0.0975609756097561,2.73170731707317,0.878048780487805,0.292682926829268,0,0.444444444444444,1.2,0,0,3,1,0,0,2,2,0,0,0.888888888888889,2.88888888888889,0.222222222222222,0,2.4,2.4,0,0,2.27586206896552,3.31034482758621,0,0.285714285714286,1.82352941176471,1.71428571428571,0.176470588235294,0.307692307692308,1.23076923076923,1.76923076923077,0.692307692307692,0.142857142857143,2.42857142857143,0.428571428571429,1,0.533333333333333,2.4,1.06666666666667,0,0,1.5,3,0.5,0.222222222222222,1.55555555555556,3.77777777777778,0,0,NA,1,NA,0,2,0.413793103448276,0
Mycobacterium phage HarryOW,NA,JMN63_gp07,NA,DNA,linear,NC_052432,YP_009978140_7,gtggcaggtatgtcacttgccacgacggctttcgcgaaagccgcgatcggctcgaccgagatccagaagatcagcatcgggaccaccgagatctggtccgcggctcctccgccgaccgtcgacttcgacgcggtgtcgtcgttctcgggcgccctgggtgatttgtcgtattcgttctctgctacggcaggggctcgggtatttgtcgcggtccacctcctgggcagcaacaccgtcgccagcgtcacctacggcggcaacgcgatgactctggtgacaggtgctgagcagaccatgaacaactcggcgtcgaacggttacctccgggtctacaccctagcgagcgccccgggcgggtcgcagaccgtggaggtcgacaaaaacggtgccaactgggcggcctcgttcgcgatctcgtatctgaacgtcgcaagcgtaggcaccgtatcgaccgctgcgggcaccggtacaagcccttcgcactcgatctccgcacccccggccaacggccgcgtgttccaggcattcgactggtcttcgggcaacgtgtccctgaccccgtcgggcggcaccgggcgactgaacgaccgcggtaccgcgggcggcatggctgcacgggactcctccgccgcgtactcgttcaccggcacgatctcgtcgaccggctccccttgggcgagcatcgctatcccgatgaccccggtcacctga,1.33333333333333,2,0.666666666666667,0,0.307692307692308,2.92307692307692,0.615384615384615,0.153846153846154,0,1.2,0,0,0,3,1,0,0,2,2,0,0,0.363636363636364,2.54545454545455,1.09090909090909,1,2,3,0,0.545454545454545,1.09090909090909,3.27272727272727,0.545454545454545,0,1.71428571428571,2,0.285714285714286,0.648648648648649,0.972972972972973,1.51351351351351,0.864864864864865,0,2.37037037037037,0.592592592592593,1.03703703703704,0.666666666666667,2,1.33333333333333,0,0,1.33333333333333,0,0.666666666666667,0.171428571428571,1.02857142857143,3.25714285714286,0.342857142857143,3,NA,1,NA,0,1.77777777777778,0.545454545454545,0.222222222222222
Mycobacterium phage HarryOW,NA,JMN63_gp08,NA,DNA,linear,NC_052432,YP_009978141_8,atgacgactgttaccgctaccgtccacgacatctccggacgcccggacgattcgcactggactttctccagcgacctgcgcgagcaggacggcgtgatcatcacgccccgcgtcgtgcgcgtgaagccgttcaacggagagctcgcgctgactttaccgcccggacctgtccgggtggcgcaccaccaggaccgctggttgatcgacgtcccagaagaggactccgacctgtgggacctgatcgaagccgctaccgactaa,0,2,2,0,0,1.5,1,1.5,0,1.2,0,0,0,3,1,0,0,2,2,0,0.571428571428571,1.14285714285714,1.71428571428571,0.571428571428571,0,5,1,0,0,0.857142857142857,3.42857142857143,0,0.8,1.81818181818182,1.2,0.181818181818182,0,0.8,1.6,1.6,3,1,0,0,0,1.77777777777778,1.77777777777778,0.444444444444444,3,NA,0,NA,0,3.6,1.2,0,0,NA,1,NA,0.857142857142857,2,0.857142857142857,0
Mycobacterium phage HarryOW,NA,JMN63_gp09,NA,DNA,linear,NC_052432,YP_009978142_9,atgaaccgccttatcaccatgttcgccgctgctcttgtgaaggcggtcttcgactacctccgggctcaccccgagttcttgaaccaggtcatcgaccgggctaccgcgaagatgcccgacctcgctgacctcgatgacaagatcctggcgaagatcccggatctgtcccggctggacgacaagatcatcgggctgttccccgacttgtctcggctccccgagcagctgatcaacgctatcaacccgttcaagcgctga,0,2,2,0,0,4,0,0,0,0,0,0,0,3,1,0,0,2,2,0,0,2.66666666666667,1.33333333333333,0,0,2,4,0,0,1.84615384615385,2.30769230769231,0.923076923076923,0,1.6,2,0.4,0,0.4,1.2,2.4,0,0,4,0,0,2.66666666666667,1.33333333333333,0,0,2,0,0,0,3,0,3,3,NA,NA,NA,0,2,0.923076923076923,0
Mycobacterium phage HarryOW,NA,JMN63_gp10,NA,DNA,linear,NC_052432,YP_009978143_10,atgccgagggtcgtctacgggctgacccactcgtccaacgggtggccgatgctcaactccgatgagtgcgagtggacgaagatccccggcacgagcgtcacgctgcagatcgccaagggccagcctctcgcgatcctgcgcgcgttcgccgccgacttccacgcgtacgtcgagccgctgcgcgacgcggactccgcgtgctggacgccgaccaactcggtcccgtcgtccaaccacctgagcggcaccgcgatggacctgaactggaacacccacccgttccaggtcccggacgcaggcttcgacgccgcgaagaaagcacgggtcaaagagctactcgacttctacgagggcatggtgttctggggcaacgactggtcgtcgcccaaggatgcgatgcacttccagctcgccagcctccgcaacggcggaaccttcgatacctacggcaacccgaagacagccgacttcatcgcgcgcaagatccgcgctgacggctactcgactttccggaggggtagcgccccggcgtccgcagcccccatcctggcggcggccaccggcctgagcgaagctcgcgcggcggagatcctgcccgcggttcgctcgggcctccgggaatccgaatgcacgaacgtcaaccgcatcgcgatgtggctggctcagatcgggcacgagtccgggtcgttccagtacaccgaggagatcgccaagaacggtcggtacgcgccgtacatcggccggacgtggattcagatcacctgggactacaactaccggtcgttctcgcagtgggcgtacgcgttcgggatggttccgacaccggactacttcgtcgtgaactaccgagagctcgctgatctgaagtgggcgggcatcggccctgcctggtactggacggtcgcccgcccggacatcaacgagctgtccgatcgccgcgacctgaacacggtcacccgccggatcaacggcggcaccaacggcctcgcggatcgacaagcccgctacaaccgcgcgctcgcccagggcgatgcgctgctgcaactacttcacgaagaggacgacttcttgtctgctctaaccgacgctgaacagcgtgagttgctggacctggctcgccagcaggccaagtacaagcgcaagtcccgctctccgctgcactggccgcacgagggcgaggtcgacacgatcgccggcctgtcctggtcgacggacgcgaacgtccatatccagctggtcgagaagctcgctgtgatctacggcgacccggtctcgatcgcgctgctgtacgcggtgtcgaactccgacgatccgacgaacaaccccgagctggcgaagcgcatcttgaagcgcgtcaagcccgaggacatcaccgctgctcaggtccagatccagaagtggctggctgccgagcagaagttccatgccgcttaa,0.210526315789474,2,1.78947368421053,0,0.296296296296296,1.92592592592593,1.62962962962963,0.148148148148148,0,0.967741935483871,0.387096774193548,0,0,2.8695652173913,1,0.130434782608696,0.210526315789474,1.63636363636364,1.78947368421053,0.363636363636364,0,0.96,2.72,0.32,0.387096774193548,3.67741935483871,1.35483870967742,0.193548387096774,0.439024390243902,1.46341463414634,3.51219512195122,0.146341463414634,0.416666666666667,1.48387096774194,1.58333333333333,0.516129032258065,0.2,1.2,1.8,0.8,0.137931034482759,2.89655172413793,0.689655172413793,0.275862068965517,0,2.95652173913043,0.695652173913043,0.347826086956522,3,2,0,0,0,2.12903225806452,2.51612903225806,0.387096774193548,0,2,1,0,0,2,0.439024390243902,0
Mycobacterium phage HarryOW,NA,JMN63_gp11,NA,DNA,linear,NC_052432,YP_009978144_11,atgccgcttaagctcggcgaccggaaccctacggtgcgccgctggcgcgaggtgatggcggcccggttcgccgggtacgcccgcatccacggcccgctgcccacggacaccgacgagttcggcccgcgggctgaggcgtggcagactgagtacgagtctcggacgttccagccgctcgacgggatcgtctctgacgacgatctgcgcgcgctggggattccggctcccgaggacacccgtccggtactactcaccgtgtgcggaaccggggtcccctggtgggtagggccggacgctgacgtcgcgaggcgtctcggagacgtgtacctctggaggccggtatcctacccggctgccgcgttcccgatgggcaactccgtagcagaagcggtcgccgaagctactcggatctgtgaggaagagcgcgcccgaatcgagcgccgcgggtcctcgatcatgggattctcgcagggcgctacggccgtcagtgagctgtgggaataccacatcaagcctgagagcgggcggcttcactggatgctcccgcacatgcgcggggccgtgacgttcggcaacccgatgcgcgaggcgggcaaggtgtggcctgacccgggcggtcagatgccctcggcgaagtcgcacggtatcgctgaccagctgatggtcaacaccccggactggtggaggaactacgcccacaaaggcgacctgtacaccgactgcgagggcgactcgggcgagatgaagaccgcgatctacaaggtcgtgatgatgtcccgggtgttctctggtccggattcgatcctacgtcagctcctggagatcggggttaacccgacgttcgagctgatcgcgctgatccgcgcggtgctggacgctggtctgttcttcatccgcggcacgactccgcacacgaactacaacatcgaccctgcgacggactttctgcgctctgtgacttga,0.285714285714286,2,1.71428571428571,0,0,1.4,1.8,0.8,0,0.375,0.666666666666667,0.375,0,2.8,1,0.2,0,2,2,0,0,0.64,2.72,0.64,0.222222222222222,2.88888888888889,1.55555555555556,0.666666666666667,0.521739130434783,1.82608695652174,3.1304347826087,0.521739130434783,0.4,1.80952380952381,1.6,0.19047619047619,0.133333333333333,1.2,1.6,1.06666666666667,0.428571428571429,1.71428571428571,1.28571428571429,0.571428571428571,0.727272727272727,1.27272727272727,1.81818181818182,0.181818181818182,0,2,0,0,0,1.5,2.25,1.5,3,1.33333333333333,1,0.666666666666667,0,1.81818181818182,0,0.181818181818182
Mycobacterium phage HarryOW,NA,JMN63_gp12,NA,DNA,linear,NC_052432,YP_009978145_12,gtggcggttcactacccggagtcgctactccccgccccgtcgcatatccaggggccgacctggcggcagtacgaagacggctcatggttcctgcccgagaagactctcggctggcagatcatcagctggctgttcgagtacgtcaactcccccgctggcgacggcccgttcgtcccgacgctggagcaggcgcgattcatcgcctggtggtacgcggtcgacgaccaagggaagtacgcctaccgcgagggcacgctccgccggatgaagggctggggaaaggacccgatgatcggcgcgctcgcgctcgccgaactctgcggaccagtcgccttctcgcacttcgacgacaacggtaacccggtcggcaagacccggcacgcggcgtggatcacgatcgccgcggtctcccaggaccagacgaagaacacgttctcgctgttcccgatcatggtctcgaagaagctgaagaccgagtacggcttgtccgtcaaccgcttcatcatctattccgagatcggcggacggctagaagccgctaccgcgtcccccgcgtcgatggagggtaaccgcccgacgttcgtcgtccagaacgagacgcagtggtggggagtaggccccggcggcgaggtcaacgacggccaccagatggccgaggtcatcgaaggcaacatgaccaaggtcgacggtgcccgcaccttgtcgatctgcaacgctcaccggcccggcgacgacaccgtcgcggagatgtcttacctgaactggctggacatcctggcaggcgacgctatcgacaccggtgtcctctacgacgccctggaagccccggctgacacgccggtctccgagatcccgttcccgtccgacgaccccgaggggtacgaggccggggtggcccagctcatgaagggcctggagatcgcccgcggcgactcgatctggctcccgctcgacgacattctgatgtcggtcctgacggcgaagaacgacgtcatcgagtcccgacggaagttcctcaaccaggtcaacgcgaccgaggaatcgtggatcgcaccatctgagtgggaccgtaaccacgacatcaacctgcctccgctgaggaagggcgagcggatcacgctcgggttcgacggttcgctgtccaacgaccacaccgcgctcaccgcgtgccgcgtcgaggacggcgcgatcttcctggtgaaggtctgggtgcctgagaagtacgagggccacaaggtcccgcgccaggacgtggacgcttacgtccggtcgatgttcgagaagtacgacgtcgtcggtatgcgagcggacgtcaaggagttcgagcagtcggtcgacgcctggggtcaggacttccggcgcaagctgaagatcaacgcctcccccggtaacccggtcgccttcgatatgcgcggccagcaaaagcgattcgcgctggactgcgagcggttccgtgacgctgttctggcgggcgaggtcaaacacgacaacaacccggtgctcaaagcgcacatcaccaacgcgcaccagcacccgacgatatacgacgcaatcagcatcaggaaacctggcaaagaatccaagcgcaagatcgacgccgctgtgacggctgtcctcgcttggggctcgcgccaagacttcctgctcagcaagagcaacacaggaaagggggcgggtctgctgcgatga,0.266666666666667,2,1.73333333333333,0,0.153846153846154,1.84615384615385,1.84615384615385,0.153846153846154,0,0.75,0.387096774193548,0,0.1,2.8,1,0.1,0.315789473684211,1.84615384615385,1.68421052631579,0.153846153846154,0.25,1,2.375,0.375,0.967741935483871,2.32258064516129,1.93548387096774,0.387096774193548,0.285714285714286,2.28571428571429,3.14285714285714,0,0.4,1.95121951219512,1.6,0.0487804878048781,0.226415094339623,1.35849056603774,1.66037735849057,0.754716981132076,0.434782608695652,2.26086956521739,0.521739130434783,0.782608695652174,0.1,3,0.7,0.2,0,1.86666666666667,0,0.133333333333333,0.1875,2.0625,2.625,0.375,3,2,1,0,0,2,0.285714285714286,0
Mycobacterium phage HarryOW,NA,JMN63_gp13,NA,DNA,linear,NC_052432,YP_009978146_13,atgacgacttaccacgagcacgtcgagcgactgcaagggctcctcgcacgggacctgccgaacctgctggaagccgaggcctaccgcaacgggacgcgccggctgaagacgatagggatcggcgctccaccggagctgtcttacctggacgtccagccaggctgggtcgctacctacctccgcactctgtccgatcgcttggacatcgaggggttccgtatctcggaggattccgaggggctcgaagagctctggaactggtggcaggcgaacgacctggacgaagagtcggtcctcggacacgacgactcgctgacgttcggccgtgcgtacatcacggtcagtcacccggacgtcgagtccggagaccccgcgggtatcccgctgatccgggtcgagtctccgctgtatatgtacgccgagctggacccgcgcaacacccgccgggtcacccgggctgtccgtctctacacgacgcgcgacgacgtcgcggtcccggatcgagccacgctgtacctgcctgacgagactgtcccgctccgccgcaacggtgggcttaacgatcagtgggtcgtcgacggggacgtcatcaagcacgggctcggtgtggtaccggtcgtgccgctgaccaacgacccgcgcctcggtaaccgctacggccgctcggagatctctccggagctgcgcaaggtcaccgacgccgcgtctcgcacgctgatgaacctgcagtcggcgtcccagatcctgggcacaccgctccgcgtcatctccggtgtcaccaccgacgagctgaccaacgacggcgagaacacgacgctcgacatctactacggacgcatcctgacgctcgcttctgaggccgccaagatctccgagttcaaggctgccgagctgcggaacttcgccgaggagatggaggtcttccgcaaagaggccgcgtctatcaccggcttgccgcctcagtacctgtcgtcctcgtcggagaaccccgcctcggctgaggccatcatcgctaccgactcccggatcgtgaagatggccgagcgtaaaggccggatcttcggcggtgcctgggagcgcgcgatgcggatcgcgatgcagatcatgggccgcgaggtcaccgaggagtacacccggctggagacagtctggcgcgatccgtcgactccgacggtcgccgctaaggctgacgctgtgtcgaagctgtacgccaacggccaggggccgatcccgaaggagcaggctcgcatcgacctcggctacaccgctactcagcgcgagcagatgcgcgactgggacaagcaggagaccgaggacatgatcgacaccttgtactccacgacgaaagcccaggctgacgccacgccgaagccgacggtcaccgagaccaagacggagacgcagacgtcgccttccggatttaaccggaccaagacccggtga,0.375,2,1.625,0,0.173913043478261,1.65217391304348,1.73913043478261,0.434782608695652,0,0,0,0.206896551724138,0.125,2.875,1,0,0.133333333333333,2,1.86666666666667,0,0.296296296296296,0.296296296296296,2.96296296296296,0.444444444444444,0.292682926829268,3.36585365853659,1.75609756097561,0.585365853658537,0,1.90909090909091,3.54545454545455,0.136363636363636,0.146341463414634,1.6969696969697,1.85365853658537,0.303030303030303,0.0975609756097561,1.75609756097561,0.878048780487805,1.26829268292683,0.516129032258065,1.54838709677419,1.16129032258065,0.774193548387097,0.137931034482759,3.31034482758621,0.551724137931034,0,0,1.88235294117647,0,0.117647058823529,0,2.06896551724138,2.48275862068966,1.24137931034483,3,NA,1,NA,0,1.71428571428571,0.409090909090909,0.285714285714286
Mycobacterium phage HarryOW,NA,JMN63_gp14,NA,DNA,linear,NC_052432,YP_009978147_14,gtgaacccggaggagtacgccgccgcgcagctcctcatctccgccgcagtagtccggcacgtcaggaacgtggccgggttcttcgctcagcccgcgctgacgatgttcgactggctgcgtctgctggacctgttgttccccgagatccagcgccggcgcaccgaggcatcggtgctcgctcgcaggttctacgactcgcagcgggctcagcatcacccggatctccctcgtaatgatcggcccctggaggggacgacgttcgagaagttcgtcgagaacatggacccggctcgtgagcggatgcagcaggcggacacccgcggggacgcgctgactcacctgacgctccgagcggtgcgcgaggtggagaacgcaggccgtcagcagatcatccacgccgtcgagaacgacccggaaccccgcgtcttgcggggctgggctcgcgtcgcgacgggccgggagacctgcgcttggtgcctgatgctgatcagccgcggacctacgtacgtccgggccgagaccgctggtctcgaccttgacacggaacacgctctggagctgttcaagaacaacgaccaggagacctacttcgccgacatcggcggagagatcaagcagtggcacaccgggtgtgactgcaaggtgatccccgtcttccggaacgaggactggttcggcaaagaagctgccgatcgcgccctcgacctgtggggagacgccaccaaggaagccatcgaccttgaggacaaaggccttgtccacaagagcggtaagaaaaagggccagccctttactcgtaacgagctggctatcaacgcccttcgccgtcgcctggagcgcggcgagatctcagcacagcagtacgcagcactcgctgcttag,0.545454545454545,1.81818181818182,1.45454545454545,0.181818181818182,0,1.75,1.75,0.5,0,2,0.4,0,0,3,1,0,0,1.75,2,0.25,0,2,1.33333333333333,0.666666666666667,0.2,2.4,1.8,1.2,0,1.6551724137931,3.10344827586207,0.827586206896552,0.32,1.7,1.68,0.3,0.666666666666667,1.33333333333333,0.666666666666667,1.33333333333333,0.705882352941177,1.88235294117647,0.941176470588235,0.470588235294118,0.25,2.25,1.5,0,0,2,3,0,1,1,2,0,0,1.5,1,0.5,0,1.83333333333333,0.413793103448276,0.166666666666667
Mycobacterium phage HarryOW,NA,JMN63_gp15,NA,DNA,linear,NC_052432,YP_009978148_15,atgaccgaacacaccgacaccccctcgacgcccgaacccgtagcccccgctgccccggctccggcggcccccgctcccaagagcgaggacctgcctgactgggctcgcgagaagctctcgaaggcgaacaccgaggccgcgaactaccgagttcagctccgcaccgtggagaccgagcgcgacagtctcgcggagaagcttgcagctctcgaagcccaggcagcccaggcggctacctccgcgtccgagaagcagcacgacttcgaccgtctggtgaccgcggtccaggctctcacccccgatcccacgccgctgttcacgttcgcgaacacgctgcagggcgattcggaggaagcgctcaagacgcacgccgagagcctcaagaccctgttcggcctcaagaacggccccgtggccgctgtcgaccgctcgcaaggcctcggcacagaagccccgagcaacgaccctgcggtggccttcaccgcgctcatgcaaacccaactaggcaagtaa,0,2,2,0,0.222222222222222,2.66666666666667,1.11111111111111,0,0,1.8,0,0.6,NA,NA,1,NA,0.666666666666667,2,1.33333333333333,0,0,2.4,1.06666666666667,0.533333333333333,1,4,0,1,0.352941176470588,3.52941176470588,1.76470588235294,0.352941176470588,0.714285714285714,1.6,1.28571428571429,0.4,0.258064516129032,1.29032258064516,1.41935483870968,1.03225806451613,0,4,0,0,0.5,1,2,0.5,3,2,0,0,0,1.2,2.4,0,0,NA,1,NA,0,2,0,0
Mycobacterium phage HarryOW,NA,JMN63_gp16,NA,DNA,linear,NC_052432,YP_009978149_16,gtggcaactcttggagaactcgctcccgacaccgcgggcagcaaccaccagggccgtctggcccacgtcccctccgacctgctccccaaggagatcgtcggccccatcttcgacaaggcccaggagagctcgctcgtcctgcgcatgggtgagatgatcccgatctcgtacggtgagacgatcatccccacgaccgtgaagcgccccgaggtgggtcaggtcggcgtcggtacgtcgaacgagcagcgagaaggtggcgtcaagccgctgtccggtaccgcgtgggacacccgctcggtttcgccgatcaagctggcgaccatcgtcaccgtgtcggaagagttcgctcgcatgaacccgtccggcctgtacaccaagctgcagggcgacctggcttacgccatcggccgcggtatcgacctcgctgtgttccatggcaagtctccgctgaccggctcggcgctccagggcatcgacaccgacaacgtgatcgccaacacgaccaacgttgactacctgcaggaaacaggcaacccgctgctggaccgcctgctcgatggctacgacctcgtttcgtccaacaccgacgtggagttcaacggctgggccgtcgacccgcgtttccgcgctcacctgctccgtgcgcaggcttaccgcgatgccaacggcaacgtggacccgagccgcatcaacctggccgccatgaccggcgacgtcctgggtctcccggctcagttcggccgcgctgtcggcggcgacctgggcgctgcgaccgacaccaagacccgcatcatcggcggcgacttctcgcagctgaagttcggcttcgccgatgagatccgcgtgaagatgtcggacaccgccaccctgactgacgccaactcgaagagcgtctcgatgtggcagaccaaccagatcgcgatcctgatcgaggtcaccttcggctggctgctcggtgacaagcaggcgttcgtcaagttcgtcgacgacgaagacccggaagcctga,0,2,2,0,0.153846153846154,2.92307692307692,0.615384615384615,0.307692307692308,0,1.14285714285714,0,0,0,3,1,0,0,1.5,2,0.5,0,1.5,2.5,0,0.375,4.5,0,1.125,0,1.875,3.9375,0.1875,0.75,1.77777777777778,1.25,0.222222222222222,0.133333333333333,1.6,1.06666666666667,1.2,0.117647058823529,2.82352941176471,0,1.05882352941176,0,2.15384615384615,1.38461538461538,0.461538461538462,0,2,0,0,0,1.14285714285714,3.42857142857143,0.285714285714286,3,NA,1,NA,0,2,0,0
Mycobacterium phage HarryOW,NA,JMN63_gp17,NA,DNA,linear,NC_052432,YP_009978150_17,atgacccacccctacaacggtgcggtggtccgcggatggctcggctcgctcagcgactccgagatcgtggccaagctcaccgacctgaccgggttcgccccggctgctatggacgaggactacgagccggctgctgctcctgccgccgtcgctgctgacgacaccgtccaagaggctatcgccaagctggagaagcgcctcgctgatctcgagtccactgtcgagggcatggcctga,0,2,2,0,0,3.2,0,0.8,0,1.5,0,0,0,3,1,0,2,2,0,0,0,1,2,1,0,6,0,0,0,4.28571428571429,1.71428571428571,0,0,1.71428571428571,2,0.285714285714286,0,1.5,0.25,2.25,0.8,1.6,0.8,0.8,0,2.66666666666667,1.33333333333333,0,0,2,0,0,0,3,1.5,0,3,NA,1,NA,0,2,0,0
Mycobacterium phage HarryOW,NA,JMN63_gp18,NA,DNA,linear,NC_052432,YP_009978151_18,atggcatacgccgagcccagcgacgtggtcgcgcggctcgggcggccgctgaccgatgacgaagagacccaggtcgagacgttcctagaggacgccgagatcgagatccgttctcgtatccctgacctggacgacaaagccgaggacgaggactacctcaagcgggttatcaaggtcgaggcctccgcggtcacgcgcctgatccgcaaccccgacggctacatcggtgagaccgacggcaactactcgtaccagctcaactggcggctgaacaccggggcgatcgagatcaccgacaaagagtgggctcagctcgggctctccaagaacgtcggcgtgctcaacgtccgtccgaagactccgctggagcgctcgggtgaataccccgcgttcggctcggtcgagtggcaggtgttccagcagagctccccgctgtactggggctactga,0.666666666666667,2,1.33333333333333,0,0,2.5,1,0.5,0,1.33333333333333,0,0,0,3,1,0,0,NA,2,NA,0,1.5,2,0.5,0,1.8,2.4,1.8,0.461538461538462,2.76923076923077,2.76923076923077,0,0.25,1.83333333333333,1.75,0.166666666666667,0.4,1.6,1.6,0.4,0,2,1.2,0.8,0,2.54545454545455,1.09090909090909,0.363636363636364,0,2,0,0,0,2,2,0.666666666666667,3,NA,1,NA,0,2,0,0
Mycobacterium phage HarryOW,NA,JMN63_gp19,NA,DNA,linear,NC_052432,YP_009978152_19,atgagcgggctcctggacgacggggctaactacgagcccgtaacggtgtaccccgaggtgactcggaaggaccggctgggcaacaccctggtcggcccttctgccaccggcgttgagacagtcgctcgcttccagatccagaaccagtcgggcacgtctgcccgtcggtcggagatggacgacatcggcgacatgaccgagcaggtctacacgatgcggctcccccggtcgttcacgaccgagttgaagtccgggtccgaggttgtgtggcgcggtgagcgctggggtgtgtacggcgaccctcgtcgttacaacggctctcgccgcaccgcccgcctcgaatacgtggttcggaggttctga,0,2,2,0,0.363636363636364,1.81818181818182,1.45454545454545,0.363636363636364,0,0.666666666666667,0.375,0,0,3,1,0,0,NA,2,NA,0,2.4,0,1.6,0,2.25,2.25,1.125,0,2.57142857142857,2.57142857142857,0,0.222222222222222,2,1.77777777777778,0,0,2.4,0,1.6,0,2.33333333333333,1,0.666666666666667,0.333333333333333,1,1.66666666666667,1,0,2,0,0,0,1.33333333333333,2,2,3,NA,1,NA,0,2,0.857142857142857,0
Mycobacterium phage HarryOW,NA,JMN63_gp20,NA,DNA,linear,NC_052432,YP_009978153_20,atgcctttgtactacgggcgatccggtctgaacaaagtcgtgtcgcacctgcccggtgtggtccacgagatgcgctccgaagctgacgaggtcgctgaccgggcgaaggccaacctggctgccgctcgcgcgagcacgcagtgggagaagatccacggcccggaccatctgacgaagatcactcggaccaacggttcggtggatgcctacgtcaacatggaggcccctagccccgagtcgatcgagtacggccactacccgtccggtgtcttcgacccggagaagtacggccgcgtcacgaaggctccgcaggggctgtacatcctcaccggtgccgccgggttcggcggccagaccgctatctctaccggcgctaagcgcgggaagagggggtag,0.25,2,1.75,0,0,2,1.5,0.5,0,1.33333333333333,0.75,0,0,3,1,0,0,1.6,2,0.4,0,1,2,1,0.75,3,1.5,0,0,0.857142857142857,4.28571428571429,0,0.25,1.6,1.75,0.4,0,1.6,0.533333333333333,1.86666666666667,0,1.5,1.25,1.25,0,2.66666666666667,1.33333333333333,0,0,2,3,0,0,2,2,0.666666666666667,0,NA,1,NA,0,2,0.857142857142857,0
Mycobacterium phage HarryOW,NA,JMN63_gp21,NA,DNA,linear,NC_052432,YP_009978154_21,atggctggcaagcttccgatcgtcggtgaggtcgtgctcccgattctccgcggccacgaggacctgtccaatccgatcagcactgtcccgtctctggcgggtgtgcatgtcgggacgtgggtcgaggacatcgactcccgcacgttcccgctgatcaccgtccgtcgcgtaggcggtacccgcagcccggagcatccgacgctgttcacgcagccggtggtcgagatgaccgcttactcagcggctgacctgcccactaccgagcagatgtacgaggacgccctagaggtcttgtaccgcgctgcacgtcttcaaaccaaaacgccagccggctatctgcattcgctgaccgagaccttgggtgcgtcccacggcccgtcaccgtttgaccggacctggcgcgtcttcggcctgatccgactcggtatccggccccctaagaactaa,0.666666666666667,1,1.33333333333333,1,0,2.13333333333333,1.33333333333333,0.533333333333333,0,1.33333333333333,0,0,0,2.57142857142857,1,0.428571428571429,0.666666666666667,0.8,1.33333333333333,1.2,0.285714285714286,0.571428571428571,2.85714285714286,0.285714285714286,0.545454545454545,3.27272727272727,1.09090909090909,1.09090909090909,0.375,1.125,3,0.75,0,2,2,0,0.4,0.8,1.2,1.6,0,2,0.333333333333333,1.66666666666667,0.307692307692308,2.76923076923077,0.923076923076923,0,3,1.5,0,0.5,1.33333333333333,2,0.666666666666667,0.666666666666667,0,NA,1,NA,0,1.5,0.75,0.5
Mycobacterium phage HarryOW,NA,JMN63_gp22,NA,DNA,linear,NC_052432,YP_009978155_22,atggcactgaaagatgatgccgtcctcattgccgcgcgggggtacgtgtacaccgctgcggtcggcacggcggcacctacccctgctcagctcaagctgatcgacctggagcaccccgaggcgtgggaccgcaccggctgggagctcgtcggacacacctccgaggatgatctgcccgagttcggcttcgacggtggtgactccgaggtccgtggctcgtggcagaagaagaagctgcgcgaggtcgagacggaagagatcgcggactacgtggtcatcaacctgacccagttcgacgagtcggctctggagctgtacttcggcccgaaccagtcggctacccccggcatcttcggcgtgaagtccggctcggtcgtgaacgagcgtgcgctgctgatcgtgatcgtcgacaacgacgttcgcctcggcttccacgcccgtaaggcttcgctgaagcgcgaggacgcgatctcgctggcgaccgacgagttcggcgctctgccggtgcgcgcgaccttcctcgactaccagtcgtacaacctgtacgagtggatcgaagaggactggttcaacgctgctgacgatccggtcgtgtacctgctcgatctgggcggcgctaccggtggtgactacaccctgttggtcggcggcaagtccaccgacgacatcgcctacaacgccaacgcttccgcgatcaagaccgcgatcggtgccgtcgatgacggtgtcgccgagtctgcgtggacggtcacggccgacggctcggacttcgagatcacgggtccgctggctgttgcgctgggcgttgacagcaccacgggcggctccggcgtaaccgtcgacgtcgtctga,0.2,2,1.8,0,0,2.8,1.2,0,0,0.375,0,0,0,2.76923076923077,1,0.230769230769231,0,2,2,0,0,1.33333333333333,1.77777777777778,0.888888888888889,0,3.33333333333333,0.666666666666667,2,0,1.38461538461538,4.38461538461539,0,0.2,1.5,1.8,0.5,0.235294117647059,0.941176470588235,1.52941176470588,1.29411764705882,0.142857142857143,2.71428571428571,0.142857142857143,1,0.148148148148148,2.37037037037037,1.03703703703704,0.444444444444444,0,2,0,0,0,2.25,3,0.375,3,NA,1,NA,0,2,0.230769230769231,0
Mycobacterium phage HarryOW,NA,JMN63_gp23,NA,DNA,linear,NC_052432,YP_009978156_23,ttgacacgtaacgcgcttggcacatacccgccgcgcttaccacgcccccggcttagccgccggggttgcgcgctcgtgtcaaacggggagccgcctgcacaccttggcgggccttgggcggctccccacctcccgctttacctagcccgccaccaatcgaaaggcctgccacctatgagcacgattctcaacctggacaacatccgagaggaagccgaccgcgagttcggagccccggtaccgatccagatcgacaaagacaccgtagtccacctccgcaacgcgacgcgcctccgcaaggacgtgcgcaaagacgtgctgaagcagctggacatcatcaaagcggtcaacgacaagtcttccgatgacaccaccgaggcagacgtcgacaagctgaccaacgctgtgttcaagatcctcagcctggccgcgggccgggactccaagacgctactcgacgctatcgacgaggacgtcgcggtcgccacgaagatcctcaaccactggctggaggagacgcaagtggggggaagcctccagctcggaggactgatcgacgactacggcgacgccctgtacgcggacttccggtcccactaccacatgaacctcgcggatctgttcgatcccacctcccggctcggacctatccaggtcctggcgcttatcaaagagctgccccgggagggaaggttctggtccgagaagcagggcgggcctcagttccgcggttggaccgatcagacgtacaccaccgcggcgctggtcaacgaaatccgagctctcaaattcatgtacctgctggcgaacacgccgaaagacaaacgccgccggctgaccccgcccgaaccgttcccggttccgcaggtcaaagcccacaaggcgaagaagtacaaacccggctcgttcggagccgtcgcggccatgcgtatggctgcttcccgcaatcggaaggcccaggcaacgggcagatag,0.909090909090909,1.83333333333333,1.09090909090909,0.166666666666667,0.421052631578947,1.89473684210526,1.68421052631579,0,0.222222222222222,1.71428571428571,0.222222222222222,0,0,2.76923076923077,1,0.230769230769231,0.363636363636364,2,1.63636363636364,0,0.333333333333333,1,1.83333333333333,0.833333333333333,0.444444444444444,2.88888888888889,1.77777777777778,0.444444444444444,0.315789473684211,2.05263157894737,2.52631578947368,0.789473684210526,0.461538461538462,1.66666666666667,1.53846153846154,0.333333333333333,0.352941176470588,1.17647058823529,1.76470588235294,0.705882352941177,1.33333333333333,1.52380952380952,0.761904761904762,0.380952380952381,0.470588235294118,2.11764705882353,1.17647058823529,0.235294117647059,0,2,3,0,0.428571428571429,2.57142857142857,0.857142857142857,0.428571428571429,0,2,1,0,0.157894736842105,2,0.157894736842105,0
Mycobacterium phage HarryOW,NA,JMN63_gp24,NA,DNA,linear,NC_052432,YP_009978157_24,ttgacacgtaacgcgcttggcacatacccgccgcgcttaccacgcccccggcttagccgccggggttgcgcgctcgtgtcaaacggggagccgcctgcacaccttggcgggccttgggcggctccccacctcccgctttacctagcccgccaccaatcgaaaggcctgccacctatgagcacgattctcaacctggacaacatccgagaggaagccgaccgcgagttcggagccccggtaccgatccagatcgacaaagacaccgtagtccacctccgcaacgcgacgcgcctccgcaaggacgtgcgcaaagacgtgctgaagcagctggacatcatcaaagcggtcaacgacaagtcttccgatgacaccaccgaggcagacgtcgacaagctgaccaacgctgtgttcaagatcctcagcctggccgcgggccgggactccaagacgctactcgacgctatcgacgaggacgtcgcggtcgccacgaagatcctcaaccactggctggaggagacgcaagtgggggaagcctccagctcggaggactga,0.727272727272727,2,1.27272727272727,0,0.727272727272727,1.45454545454545,1.81818181818182,0,0,2.18181818181818,0,0,0,2.66666666666667,1,0.333333333333333,1,2,1,0,0.615384615384615,0.615384615384615,1.84615384615385,0.923076923076923,0.428571428571429,3.85714285714286,1.28571428571429,0.428571428571429,0.521739130434783,2.08695652173913,1.82608695652174,1.04347826086957,0.4,1.88235294117647,1.6,0.117647058823529,0.444444444444444,1.33333333333333,1.55555555555556,0.666666666666667,0.444444444444444,1.77777777777778,1.33333333333333,0.444444444444444,0.666666666666667,1.66666666666667,1.66666666666667,0,0,2,0,0,0.545454545454545,1.63636363636364,1.09090909090909,0.545454545454545,3,2,1,0,0.260869565217391,2,0.260869565217391,0
Mycobacterium phage HarryOW,NA,JMN63_gp25,NA,DNA,linear,NC_052432,YP_009978158_25,gtggctgtagggaaagaggtcggtctcctaagtatcaaggtgacccctaacctcaaagggttctaccgccagctcaaggaggcggttgaggccgccgagaagatgaaggtgaagatcccggtcgagccggacatggggaacttccgctccgaggttgcggctaagaccaaaggtatgtccgccaaggtcaaggtcgatgcggacgtcgatgttgacaaggggttcttccgcaggatctccgaaggcatctccaacatcccgggaccgtcgttcgggtccggtatcaacccggcgggctacgcggcaatcttcgcgggtatcaccgtcctggccgccccgctgatcggactactgacctctgcgctgctgactcttcccggattgatttccgcggtagccgtgccgatcggcgcactggccctcggcatcgacggcctgaagaaggctgcggagcggctgcaggagccgttcgaggctctcaaagcgtctatgtctgcggcggtcgagcagcagttcgggccggtcttcgaccagctcgggaaggcgttcccgatgctggcggcgaacctgccgaaggtgacgcagggtatggcggacttcgccaagtcgttcaccgacaccatcacctctgaggccgggatggccaagatcgaggggattatctcgaacatcggcgcggctatctcacgtgccgctcctggcatcggatcgttcaccgacgggctgctcactctggctgagaagttcacctcgaagctgccgaacgtcgctgactggttcaaccagacgggcgagtcgttccggaactggatcaacaaactcaacgaggacgggacgctcgacaaagcgttcgacggcctcggggcctccctcaagacgctgctcgaaggcgtcggcgggattctcgaaagcggcctggacttcttcaaagacccgaagaacatcgaggacttcaacgaggggctgaagtcgatcggggactccctccagtcgatcgtcaacctgtctaacaccctcaacgggatgggcgacctgttcaagggtctgctaccgaacttcgacgggtccgctctgaccgacgacctgttcgctccgttcacctccgaggacgcgggctggcgagacatgttcgccaagctccagatcggctgggaaggcgtcaagatgaaggcatccgaggtctggtcctcggtgcagacttccgccgctaccgctatgtcgtcggtagccgctacgatcgccacactcccgtcgacgctgtcgaacgtctggaactcgatcaccacgagcgtatcggcggtctggagccagatcgtcgcaggagtttccgccggggcacggcaggttctctccgctgtcggcaacgcgttcagctctgtcggctcggtcatctccaacgcattctcggtagcggtcaacgcggtacgggacgcgttcaaccagatggtctccgcggctgtcgagggggcttcccgagtcctggccgagatccaggccctgcccgggaagatcgctgccgccgccggtaacttcggctcggccctggtggccgcgggtaaagccctgatggacggactgttgtccggtatcaaggcaggcctggagtcggtgctttcgttcgcatccggcatcgccgccaagattgcagcggtcaaggggcctctgcccaaggaccgtaaagagctgatccccgccggcgaggcgttgatggaaggcctcggcaccggcctggagaacgggctggacccggttctcgaccgggccaagcagatggccaagcagatcttcgaggcgttcaaggagacgttcggcaccgctcccggagccgtcgccttcaacctcgggggcggtacagccgctctgcagtccagcctcggtgatgtccagacctcgctgcagtcgactctcgacacgtcgcaggagctgaacaagtcgttcgccgaaccgatcgcaggggccgcggacggctcctcgctgctcagcgacgacatgaagcagcagatcaaagacgtccaggatcggatggccctgctcgaactgcagaggaagcagctcaaggtccagaagaacgaggctgggtctaaagaggacaaggccgcgatccaggagcagatcaacgcgctgcaggccgagaaggacaagctggcgctccagaaggaccagctcaagcttcagcagaagcagaccggcgagctcggcgagcagaagacgctagcccagttcctcggtgagcagatcgcgtcgtcgtgggagcagggtaccggcgctgtcgccgggttcgctcgggcgaacctcgaccaggcgatgggcgacctcggcatcggcgggggtgcgctcaccaacggcctgaacgctgcgctcgactggggcacccaggcgctcggaaacgtcatgaacatccaggtcaactcggttgacgacgctatcgcggtgaagaacaacgaagtgaataagcaagcgctcacttacacacgccgctaa,0.385964912280702,1.94736842105263,1.6140350877193,0.0526315789473684,0.307692307692308,2.15384615384615,1.02564102564103,0.512820512820513,0,0.553846153846154,0.666666666666667,0.0923076923076923,0,2.72727272727273,1,0.272727272727273,0.0476190476190476,NA,1.95238095238095,NA,0,0.769230769230769,2.76923076923077,0.461538461538462,0.666666666666667,1.66666666666667,2.33333333333333,0.666666666666667,0.275862068965517,2.48275862068966,2.82758620689655,0.206896551724138,0.363636363636364,1.81818181818182,1.63636363636364,0.181818181818182,0.347826086956522,1.39130434782609,1.42608695652174,0.834782608695652,0.376470588235294,1.69411764705882,1.27058823529412,0.658823529411765,0.444444444444444,2.2962962962963,0.740740740740741,0.518518518518518,3,2,0,0,0.0923076923076923,2.03076923076923,2.58461538461538,0.646153846153846,0,NA,1,NA,0,2,0.206896551724138,0
Mycobacterium phage HarryOW,NA,JMN63_gp26,NA,DNA,linear,NC_052432,YP_009978159_26,atggcttccagactgctggaccccgataccctcgtcgaactcgaaggtgtcaacggtgagtggttcgacctcaccaacggcaccgaggggatctacctcgctaccgaggtgacgggtctgctcgacccgccggtgaaggcgacgtacgaggagccggggaacttccccggcgctcggtacctgaaccaccgcgtcctgcgacgcgacctggtgttcggcgtcgagatcctcaacgacgagaacgacgagacctggctgcgccgggattcggcgtggcgcaaagcgtggtcgttcaagcgcgactcgaagctccacatcaccaccggagagtccgggcaccgctacctgaaggtgcggctgttcgagtccccgacgactgacatggtcaccgacccgcgcggtcgggaggtgaacatcacaaagatggtcgtcgtcgcgggcgacccgttctggtacgaggacgatgtcgtctacccgatcgaggtccaagaggatacgacgttcgacccgaacccgttgccgtggccgtggccgcagccggagcttccggtcgaggacatcgagatcacggtcccgaacgcgaacccgacggacaacatcatctggccgaagtggacgctgcccgggtcgtcggagaagcctgccgaaccgtacatcccggggctgccgtggctcggcgctccgaagtccccggccacgctgtggacggtcccggattacaagctcgacctcgacgaggacgaggacccgtcgctcggaacccggcgtatccggatgcccgggcagatcggtggtctgcgcgtcgaggaagtccagcagatctacatcgacggccgcccgaccggcggcacgttcaagatcgggtacggcgatgagtggaccgagccgatcgcgtacaacgcgaccccgaacgaggtccgcgctgcgctgatcgcgctggcgggtatctccgccaacgacgtcgaggtgtctctcggcggggcgacgaacgaggtccagacggttcgcctcaaaggcggcgctctgggcggcacgttcacgctgtcgctgggctcggagaccacggtcggtatcccgttcaacgcctccgacgccgaccttcagggcgcgttggtggggctggattcgatcggctccgccgacgtcaaggtgaagtcgacgaagatcaacgaggtccagctggtcgagctggtcggggaaccgacctcgggttcgttcacgctgacgctcgacgggcagaccacggctccgatcgcgtacaacgcgacgccggctacggtggcggcccggatcgcggacctgccgaacatcgacggtaactacgtcaaggtcgagggtctgaacgagtggttctactcgccgtaccgcatcacgttcggcgaagcccagagccagggcgtcatcaccgacatcatctcggggatcatcgatttcatcggcggcttgttcggcggtaacgcctcgggcaaaggcgtcggcggtatcgacatcgacgagatgaccggggatgtcggcacgctctcgggaggtgctgggctcgatgtccaggtgaccaccgagcaggacggcgaccggctgtacgtcgtgtcgttccagcgtgctgctggcggtctgaacctgccgcagctggtgggtaacgcctccggtctggaaggcgacggcctctcgatcgagaccgctaccaacgtcgacggcggtcgcccgtacgtcgtccggttcaccgacgacctgcaaggcgttgacgtcccgaccatgacggtcgatacggacgatctgaccggcgggtacgaggtcggcagccgcgtggtggttctccgcgagggctacacgtacccggctgagaacgtcgtcgtcgactccgaccctcgcgaggagcaggtgtcttcggagtctggttccccgatctgggagcggatgaactctgtccggttcctgcactacatcccgccgtacaccggcgaggtcacgttcaagttgtccgtgtccggggctgtccccgggcagattgccacgctgcgccttccgcgcgcctggtcccgtccttggggcctagaatag,0.333333333333333,2,1.66666666666667,0,0.0714285714285714,1.78571428571429,2.07142857142857,0.0714285714285714,0.176470588235294,0.315789473684211,0,0,0,2.91891891891892,1,0.0810810810810811,0.222222222222222,2,1.77777777777778,0,0,0.408163265306122,3.3469387755102,0.244897959183673,0.176470588235294,3.17647058823529,1.94117647058824,0.529411764705882,0.101694915254237,1.83050847457627,3.35593220338983,0.305084745762712,0.32,1.52941176470588,1.68,0.470588235294118,0,1.14285714285714,1.52380952380952,1.33333333333333,0.157894736842105,1.94736842105263,0.894736842105263,1,0,2.7741935483871,1.03225806451613,0.193548387096774,0,2,3,0,0,2.05263157894737,3,0.631578947368421,0,NA,1,NA,0,2,0.406779661016949,0
Mycobacterium phage HarryOW,NA,JMN63_gp27,NA,DNA,linear,NC_052432,YP_009978160_27,atgggttttaccctccgcctgttcggcatcccggtcctgagcctggagatcaccggcgacggctctgccgaagagtacatcagcctcacgggcggctcgttcgagctggctcctgaggagcccgagtacgacgaagagtactacgaggaagaccgtagcgggttcggcttcggggtgagctga,NA,NA,NA,NA,0,2.66666666666667,1.33333333333333,0,0,4,0,0,0,3,1,0,NA,NA,NA,NA,0,1.33333333333333,1.33333333333333,1.33333333333333,0,3,0,3,0,2,4,0,0.545454545454545,2,1.45454545454545,0,0,2,0,2,0,2.66666666666667,0.888888888888889,0.444444444444444,0,2,2,0,0,2,0,0,0,0,1,1,3,NA,NA,NA,0,1.6,0,0.4
Mycobacterium phage HarryOW,NA,JMN63_gp28,NA,DNA,linear,NC_052432,YP_009978161_28,atgccagctcccgccgcagacatgacaaccctggcgggtcaccagcagctctgggacaccgtcatgaagcgccgccagaagcgggaagacgagcggatcgcaccgccgttgatccgcctctgggacggcgactacaagctccgcggccagctcgtcggggagcgcagccacaagttcgagttcatcgagaacgagaccggcaccgcgtcgatcacgatctcgctggaccactacctggcgaagtggatcgcgtcccacaaaggccgcgcccgccgcaacgtccacgtctcgttcgacaagcagggtgcccggtggacgggccgcatggaccactacgacatcgtccggaccaaagagggcgacgtctacatggaggtcgtgttcaagcacgactacgaagagctcaagcacatctacgtgtgggcgaacccgttcctgcggcccgagttccagttcccgaagctgtgggtgatgttcggccccgcgaagtgggcgctgctgctgacgctgttcgtcaacatcctccgcctggagacctcgctgtggacgctgccggacaacccgttggacatctccgagtggttcccgttctcgctgaaccccggtaactggcgcaacatcgtcaagccgttcccgttcctcgcggacaactctccgctgacgatcgtgttctcccggttcaagtcgttccacgacaccgcgaagaacgtcctggccgactcgcagctcaccatcgtgtgccgccggtacttccacggcgaggacccgcacccgttcgcggagctgtccggtgagctggggctgccgctgatcgagggtatcgcctcgctgatcccgctgcgccacggctgcctggtctgggacatcgtcgacaactccgggtggggttcggagacagcgttcggcgggtcgctgctgaccggtctggtccgcgcggtgatgaacatcgcgtcggacggcatgaccgagggcatcgacatctacaccggtctacccacctacccgggcgagtactacaccccggggttcctcgggacgtacccgaaggctccgcacgtggtgttcatggagtccccgtacaccggcatcgagtcgtcgaagttcacgtacaccgaggccacggacacgtcgttcgtgctcggcgggcagtcgatgcccggggtgaacgagatcatctcggccggcatcaacatgggcggcgacttcctgacgtcgctgatcaactcccagctagccacgctcggcgcgttcggtggcgcgatcgacctaccgccgctcggcggcatcatggacgcggtcgcccgtccgctgtacgagaacgtgatcctcgcgttcatggagattcccacgctccgcgcagcaggcctgagcctgccgatcgctggcctggaggacatcgtcaccgggctcggggatttccactataacgagggttgggtcgacggcgctgacaaagcgttcacgatctccgcgatcatggcggcccgcgctaagcagtgggctacccgggcgaagcactcgcacgagatccaggtgtccgacgctgccccgtacatcatcggtgagcgtggtcacgggcatttctggctcggtgaccgggtcggcaccacggtcctcggctaccccgatccgtacacgatcttcgtggagcgggtcaccaagctcacctacgagtggacgtccgacggcccgaagggctggaccatcacgatcggttacaaagagcccgaggacccgatcctcaaggcgttcgaactgatccagtacatcaactccaacctcggacagctcggcattctgtag,0.333333333333333,2,1.66666666666667,0,0.2,2.1,1.7,0,0,0.375,0,0,0,2.86046511627907,1,0.13953488372093,0,1.88888888888889,2,0.111111111111111,0.108108108108108,0.972972972972973,2.91891891891892,0,0,3.42857142857143,2.14285714285714,0.428571428571429,0.305084745762712,2.13559322033898,3.35593220338983,0,0.171428571428571,1.88235294117647,1.82857142857143,0.117647058823529,0.363636363636364,1,2,0.636363636363636,0.0714285714285714,2.14285714285714,0.785714285714286,1,0,2.375,1.625,0,0,1.90909090909091,3,0.0909090909090909,0,2.0625,3.375,0.1875,0,2,1,0,0,2,0.203389830508475,0
Mycobacterium phage HarryOW,NA,JMN63_gp29,NA,DNA,linear,NC_052432,YP_009978162_29,atgcacaaacctctgacccaagaacacgccgacccggacaagccggaggaagccctcgcctgggctttctggggactcccccacccgtccggaggtcactcgctgtctaacccggtgatggccaagtactggtcgaagcacttcacggagctcgggattgtgcatgtggactctctgcgccggctcgctgacgagaacggcaacatccacgtcagcaagctgcctcagcagaccaagaagttccaggctcccgcccgcgggccgcggagccactacaaccccgctgcgcagtgggttccctcggataccccggagcctccgaagttccgtgtccaagatcctcggacgctcacccagcaagagcagcaagcccagctcgacatctacaagcaaatgggcctgattcctaccgcaccactgccgcagcatcaggctgcggtcgaatga,0.222222222222222,2,1.77777777777778,0,0,2.85714285714286,1.14285714285714,0,0,1.5,0,0,0,1.5,1,1.5,0.714285714285714,1.55555555555556,1.28571428571429,0.444444444444444,0.222222222222222,0.888888888888889,1.77777777777778,1.11111111111111,0,2,3,1,0,3,3,0,0.75,1.42857142857143,1.25,0.571428571428571,0.285714285714286,1.71428571428571,0.571428571428571,1.42857142857143,1.14285714285714,1.14285714285714,1.14285714285714,0.571428571428571,0,1.71428571428571,1.71428571428571,0.571428571428571,0,2,0,0,0,0.75,2.25,1.5,3,NA,1,NA,0,2,0,0
Mycobacterium phage HarryOW,NA,JMN63_gp30,NA,DNA,linear,NC_052432,YP_009978163_30,atgagaggcccgcttatgccagacctggaagacacccagccgttgcacgtgtctgacctgcctaccgaagagatggacctcgccgagctggacacaggcggcttcgagatcccgcacctgggctgggacttggacaaagacggtgacatcgaaggtatcgaggagtacgtccccgagcctgcggtgctgcgcggcgctgtggccgcgggcctgggcttcgccgggttcgtcctcggtaagacgttcgacgtctcgtggatcgatcaggcggttgctatctacgcggtggctgcaccgttcgtcctcggattcgtgatccgccgccacgtcacccctacgaaacggtga,1.33333333333333,NA,0.666666666666667,NA,0.666666666666667,2,1.33333333333333,0,1.2,0,0,0,0,3,1,0,0,2,2,0,0.444444444444444,0.444444444444444,1.77777777777778,1.33333333333333,0,3.6,1.2,0,0,1.5,3,0.5,0.666666666666667,1.81818181818182,1.33333333333333,0.181818181818182,0.363636363636364,1.09090909090909,1.45454545454545,1.09090909090909,0.333333333333333,2.33333333333333,0.333333333333333,1,0,1.81818181818182,1.81818181818182,0.363636363636364,0,2,0,0,0,0,3,3,3,NA,1,NA,0,2,1,0
Mycobacterium phage HarryOW,NA,JMN63_gp31,NA,DNA,linear,NC_052432,YP_009978164_31,gtgaccgaggtcctggattggttggcggtggctagcggtcctgcgggcatcgcgatcggtatctacggcgagaagtggcgctcccggcgacgggagcctgccgagatcgagaagaccgaggcggaggcctcgcagatcttcgtcgagaccgcggtgactctgatcgccccgctcaaagcggagatcgcggacctgaccgtgcgcgtcaaccagctcgaagaagagaactacacgaccaaggcccggctgcagctgtcgatcgattacatccgcgtcctgcagacgtggatcagcaagcacatcccgggacggaagcctccggctcccccggccgaactgctgctctga,0.333333333333333,2,1.66666666666667,0,0,2.5,1,0.5,0,2.4,0,0,0,3,NA,0,0,2,2,0,0,0.5,2,1.5,0.75,2.25,3,0,0,1.5,4,0,0.461538461538462,0.666666666666667,1.53846153846154,1.33333333333333,0,1.42857142857143,2,0.571428571428571,0.8,1.6,0,1.6,0,2,2,0,0,2,0,0,0,1.2,2.4,0,3,NA,1,NA,0,2,0.5,0
Mycobacterium phage HarryOW,NA,JMN63_gp32,NA,DNA,linear,NC_052432,YP_009978165_32,gtggctgacgaccagtgggtacctgacgttccagacggtgcgttcgtcatcggcggcggcgactaccgctacggccaggacatgaccgaggacatcgcccggtcgctgttccaggtcccggacttcaacccggccaacgcgctgctggtgctgccgcagctgctgctgcgcctgccgctggaggcgctgcagaagttcaaagacttcatcccgaacgtgctggaaggcgcgttcaacaccgtagccggcgcggtcgacgccatcatgggcgcgatccgcgagacgccgcgggtgctggagcagatcctctcgtacctgccgcaagagctgcgcgacgaactggagcacgccgctgcgcgtatcggcgcggtgatcgacgctatcgtccaggcgctcaccggcaccttgaacatcgggcacacgatcgaagacctgatcttctcgctgaccaacatccgccccggcgcggtcggaggtgtgctcggtggcgggtcgatcgaagagaccatcaagcgcatcgtcgatgcgatcgtctcgggcatcgtcggggtcaccggcatcggtgcggggatctcggatctccagtcgctgatcgagcagatctcctcggcggctgcccgcggcgggttcgcctgggacatcctcggcatccagaacaacaagaagccgaagtccgggctgtacaagtccgagcgcggcaacttcgacctggacaccctgaactccacggtctcggtcgcccccggaacctcgatcatcgcgttcgatgtcatcgagcagtcgatgcctatcggcctgatcacctggatcggctggggcacctcgggcatcaccgacttttacatcaacgtctaccgctgcgtcgacgaccgctccgacccggagctaggcgagctgatccaccagtccgagaacatcgcgggcctgctggcgggctccgcgtcccccggcgcgaacatggcttacgaactcaccaccccgatcgcggctgtagccggcgacctgctggcgtacgagttcatcgccgtcggcggcacgcacacgatgcgcggccgggacttcaacctcccggacaacgacggcgctccgatcggcaacgtcggggccacccgcacgctgtcgacgccttctcttcccccggccacgctggacaaagccgacgtcacctggaccgacaacgtcccccgcgtcggtatcgcggtggacaccggcaccggctcggatcaccacgacccgcaggtcgagttcttcgagaagcctgtagctatcccggtcccggcgtggtgcgaccgcatcgacgcgatcgtcaccggtaagggcggcgagggtgccgacgggttcctcgggttctacggcaaccccggccagcctggcggcgtcaacaccgtgacctggacccgtggtgagcacttctccggcaccaccacgatcttggagtgggacggcgctgagctgtcgatccccgggttcgaggtgtccgctgccaacggctctaacggctccggtcagcgccctgtggcgctcggcaagccggtcggtaaaggcatcgaggaagtcgaatacaacggcctgaagctggccgctggcggcgatcagcacgcgtacggcggtgctggcaccaagcctggcggcggcggtaacggcggtcactggctcggtatctacacccaaggcggccccggcggacccgcgtgcgcggctgtccagttccgcaagggcgctctgcccggcgaggtcgtgggcgacggcgaaggcgacgttacgcctccgaacacctccgcgctgcacgtcgacgtgtctgcgacgtccacctcgatcactatcacaccctcgggagctgtcgacgatgcctag,0.4,2,1.6,0,0.0952380952380952,2.76190476190476,1.04761904761905,0.0952380952380952,0,0,0,0,0,3,1,0,0.210526315789474,2,1.78947368421053,0,0.105263157894737,1.15789473684211,1.89473684210526,0.842105263157895,0,4.57142857142857,0.857142857142857,0.571428571428571,0.125,1.25,4.25,0.125,0.516129032258065,1.72093023255814,1.48387096774194,0.27906976744186,0,1.11475409836066,1.90163934426229,0.983606557377049,0.179775280898876,2.74157303370787,0.449438202247191,0.629213483146067,0.340425531914894,2.46808510638298,1.02127659574468,0.170212765957447,0,2,3,0,0,2.36363636363636,3.09090909090909,0.545454545454545,0,2,1,0,0,1.9,0.25,0.1
Mycobacterium phage HarryOW,NA,JMN63_gp33,NA,DNA,linear,NC_052432,YP_009978166_33,atgcctagcggacttcgcggttacaacgtgtaccgcaacggcgttcgacagaacacctccccggttacggagctcgggtcggtgactatcaccggcctgactccgggcaccgactactccgagcagatcacggtcaccgctatcgacatggcgggtaacgagtcgctgcccaagacgttggctgagctggaggcggaggccgctaccgatgagctgtctcccgccgatccgctggacccggatctgcgcgcgcagatcgacgggctggcggcggcgaagatgaagccgacctctggtaaagaagcagacggcgcgatcatcgggatcgaaactccgaccgggtcgtactacaaagcgtacggcggggaccgcaccgcgaacactccgctgacgctggagaagaacttccggtacggctcgtgctcgaagatgttcactcacaccctgatcctcaaagcgatcgatgacgagctgctggactgggacgacacgatcagcgagttcgtcaccggcgtcccgaacggggaccagatcacgatccggcagctgctgctgttccaggacgggctcaaagactggatgacagaccccgcggtccagcagacgtacttcctcagcccgaccaactcgttcgacccgctgagctacatccgtaactcggtggtgaacttcgcgccgggtcagggctcgtcgtactcgaacgcagcctcgtggctgctgggcaaggtcctggagtccgtctacaacgacggccggacggtcgatcagatcatcgtgcaagagtggcagtccgaggtcgatatgccgtcgctgcactggccgacgacgaactacatgaacccgccgtatgtccggggctggaccccgaacctggcgctgccgcagatccaagcgatcctcgggccgttcgcgttcctcgcggcgttcctcggctacccgacgtcccaggacctggagttcaccgcggtctcgacctcgtggtcgggggctgccggctctctcgccgggaacatagaggacttcgttcggttcggtaaagcgctgtacgagggcgtgttcctgtccgaggagatgcagcagcttcagaaggagctgttcagcacgtacgtgttctacgagccggtcgacgagcatcaggggccgggctggatggggttcggtctgaacgccatccgctggggctcgtggcgcggctgggtcggtaacctcggcggctacatcgcggtcatcttctacaaggagacggacgggtcggtcgtcgccgtcatgatgaacaacttctcggcacacgccgatgcggtcgacctgttctaccagatcgcttacctgctcgatcccgactccaccgaccacgtgccctgggtgtaccgcccggatccgccggaagaagaggacgagatcggggtcccagcactgtacctgaccgtcgaacccgacgggtcgggcaacgagatccccgccgacgtcccattcgagatctaa,0.769230769230769,2,1.23076923076923,0,0.114285714285714,1.82857142857143,1.48571428571429,0.571428571428571,0,0.882352941176471,0,0,0.12,2.88,1,0,0.2,1.6,1.8,0.4,0.235294117647059,0.823529411764706,2.82352941176471,0.117647058823529,0.428571428571429,3,2.14285714285714,0.428571428571429,0,1.36363636363636,4.22727272727273,0.272727272727273,0.32258064516129,1.48571428571429,1.67741935483871,0.514285714285714,0.41025641025641,0.923076923076923,2.15384615384615,0.512820512820513,0.0930232558139535,1.86046511627907,1.3953488372093,0.651162790697674,0,2.5,1.125,0.375,3,1.91304347826087,0,0.0869565217391304,0,1.23529411764706,3.35294117647059,0.529411764705882,0,2,1,0,0,2,0.136363636363636,0
Mycobacterium phage HarryOW,NA,JMN63_gp34,NA,DNA,linear,NC_052432,YP_009978167_34,gtgggccggggtgagctcctctgggagtccgacgacatctgcgtcgcgctggtcaacggcgacgactacacgcctaacttcgtggcggacaaggtgctcgcggacatcccggaggaggcgatcatcgccatctccgaaccgctcgacaacacagagatcctcgacaccggatgggcacaggcggacgacgccaccttcccggaggtcgagggcgagccgggtgaggctgtggtggtgttcaagcgcaccgcagacgacgagacgtccacactgatcgcctacctagactccgaactctaccaatccgttatcccgaacgggtccgacattctcgtcgtatggcctagctcgggtgtcatccgcttctaa,0,2,2,0,1.14285714285714,1.71428571428571,1.14285714285714,0,0,0.75,0,0,0,2.7,NA,0.3,1,NA,1,NA,0,0,2.85714285714286,1.14285714285714,0,4,2,0,0.6,4.2,1.2,0,0.333333333333333,2,1.66666666666667,0,0.727272727272727,1.09090909090909,1.81818181818182,0.363636363636364,0.5,1.5,0.5,1.5,0.307692307692308,1.53846153846154,1.84615384615385,0.307692307692308,3,2,0,0,0,4.5,0.75,0,0,2,1,0,0,2,0,0
Mycobacterium phage HarryOW,NA,JMN63_gp35,NA,DNA,linear,NC_052432,YP_009978168_35,atgctacgcactgactgggtcgactccgtcggccagaaggttaacgccgcattcctcaaccagctgggcgaggagcacaacgacatgctggatcagatcgcggctctcctggaagccctagacgggctgtcgctcagggtcctgacgcaggccgcgttcgatgcgctgacgacgaaggacccggacaccgtatacctggtcaagccctga,0,2,2,0,0,0.8,2.4,0.8,0,0,3,0,0,3,1,0,0,2,2,0,0,2,2,0,0,3,0,0,1,1.5,3.5,0,0.666666666666667,1.5,1.33333333333333,0.5,0.5,1.5,1.5,0.5,0,2.66666666666667,1.33333333333333,0,0.666666666666667,2.66666666666667,0,0.666666666666667,0,2,0,0,0,3,3,0,3,NA,1,NA,0,2,0,0
Mycobacterium phage HarryOW,NA,JMN63_gp36,NA,DNA,linear,NC_052432,YP_009978169_36,atggcgatctctcccgggggcctcggtatccaacgggtgtacgtcggagacactgccctggcaggggtctacctcggctcgtcgaagctgtgggcaccggcgtcgtacgacacgtctaacgtcggggtccaggcgaactcttatggccccacgttcccgtacacggcgtcggcaggggcggacgtgttcgtcgccgtatcgatcgaccgggcaccttcctcgttcacaggcgtcacttatggcggtgccgcgatggagctggtgtcggcggtccaccacgacggggcgagtcaatacggcacgcttcgtctctaccgtctgcgaggagcgggtacaggcgcggcgaagacggtcgccgttcagatggtcgggaacttgctccttgcggtgagcgcgatctctttccacaacaccccctcgaccctgagcccctcgacggccaccggcttcagcaccgcggctacgcagaccgtctcgttggtaggtccggtcgggttgtatgtcgcctcggcaggcggagcaggttccccgacctggcccttcaactcgttctcaggagtgaccaaccgtaccaaccgcaacgctaacggcacgcagctgacgttgagcacggtggcgtcctccggcactgtaaccgctacgtcggcgggctcggatcactgggccagcatcttcgtaccgttctga,0,2,2,0,0.32,1.44,1.76,0.48,0,1.03448275862069,0,0.206896551724138,0,3,1,0,0.666666666666667,2,1.33333333333333,0,0,1.81818181818182,1.81818181818182,0.363636363636364,0.857142857142857,0.857142857142857,1.71428571428571,2.57142857142857,0,1.5,2.25,0.75,0,1.66666666666667,2,0.333333333333333,0.75,0.875,2,0.375,0.571428571428571,1.71428571428571,1,0.714285714285714,0.695652173913043,2.08695652173913,1.04347826086957,0.173913043478261,0,1.33333333333333,0,0.666666666666667,0.206896551724138,0.827586206896552,2.89655172413793,0.827586206896552,3,NA,1,NA,0,2,1.5,0
Mycobacterium phage HarryOW,NA,JMN63_gp37,NA,DNA,linear,NC_052432,YP_009978170_37,atgagagccctggtagtcatccgcctgtcccgcgtcaccgatgctacgacttcacccgagcgtcagctggagtcttgccagcagctctgcgcccagcgcggctgggacgtcgtcggggtagcggaggatctggacgtctccggagcggtcgatccgttcgaccggaagcgcagaccgaacctggcccggtggctagcgttcgaggagcaaccgttcgatgtgatcgtggcgtaccgggtagaccggttgacccgatcgatccggcatctgcagcagctggtccactgggcggaggaccacaagaagctggtcgtctccgcgaccgaagcccacttcgacacgacgacgccgttcgcggcggtcgtcatcgcgcttatgggaacggtggcgcagatggaattagaagcgatcaaagagcggaaccgttcggctgcgcatttcaatatccgcgccgggaaataccgaggctccctgccgccgtggggatacctgcctacgcgcgtggacggggagtggcggctggtgccggacccggtgcagcgagagcgcatcctcgaggtgtatcaccgcgtcgtcgacaaccacgagccgctgcacctggtggcccacgacctgaaccgtcgtggtgtcctgtcgccgaaggactacttcgcgaagctgcaaggccgcgagccgcagggtcgggagtggtcggctaccgcgctgaagcgctcgctgatctccgaggcgatgctcgggtacgcgactctgaacggtaagaccgtccgagacgacgacggagctccgctggtgcgggctgagccgatcctgacccgtgagcagctggaggcgctgcgcgccgagctggtgaagaccgaccggaccaagcccgcggtctccaccccgtcgctgctgctgcgggtgctgttctgcgcggtgtgcggggagcccgcgtacaagttcgccgggggaggacgtaagcacccgcgctaccgctgccgctcgatggggttcccgaagcactgcgggaacggcacggtggcgatggccgagtgggacgcgttctgcgaggagcaggtgttggatctgctaggggacgcggagcgtctggagaaagtctgggtagccggctcggactcggcggtcgaactcgcggaggtgaacgcggagctggtggacctgacgtcgctgatcggctctccggcctaccgggccggctctccgcagcgcgaagcactggaggctcgtattgcggcgctggccgcgcggcaagaggagttggaagggttagaggctcgcccgtcgggctgggagtggcgcgagaccgggcagcggttcggggactggtggcgggagcaggacaccgcggcaaagaacacctggctccgctcgatgaacgttcggctgacgttcgacgtccgcggcgggctgactcgcacgatcgacttcggggatctgcaggagtacgagcagcatctcaggctcggcagcgtggtcgaacggctacacaccgggatgtcgtag,0.375,1.8,1.625,0.2,0,2,1.53846153846154,0.461538461538462,0.230769230769231,0.25,0.115384615384615,0,0,2.75,1,0.25,0.315789473684211,1.53846153846154,1.68421052631579,0.461538461538462,0,0.521739130434783,3.30434782608696,0.173913043478261,0.461538461538462,2.30769230769231,1.96153846153846,0.923076923076923,0.333333333333333,0.777777777777778,4.22222222222222,0.111111111111111,0.333333333333333,1.58620689655172,1.66666666666667,0.413793103448276,0.153846153846154,1,2.30769230769231,0.538461538461538,0.705882352941177,1.17647058823529,1.76470588235294,0.352941176470588,0.380952380952381,1.9047619047619,1.61904761904762,0.0952380952380952,0,1.8,3,0.2,0.25,1.5,3.25,0.75,0,2,1,0,0.222222222222222,2,0.333333333333333,0
Mycobacterium phage HarryOW,NA,JMN63_gp38,NA,DNA,linear,NC_052432,YP_009978171_38,atgagcaagaagaagaaagacgtcaccgtcgagcagctggccgtgatcaccgaccgacttaccgaggcggtggatctgctgaagatcatctcgacgcagacccgtcagtcagaggtgattacggtgcgtcagcatgacgatccggaactgcagcgtcgtaaggtgagcgcggctcaggagatcgaggccatccgcgccgaggaggccgagcgataccacgcctaccgtgacaagcctctgcagccgtacgtacgggtccacgaggccccgtaa,0.285714285714286,NA,1.71428571428571,NA,0,2.66666666666667,1.33333333333333,0,0,3,0,0,0,2.5,1,0.5,0,1.33333333333333,2,0.666666666666667,0,0,3,1,1.33333333333333,0.666666666666667,0.666666666666667,3.33333333333333,0,0,5,1,0.2,1.33333333333333,1.8,0.666666666666667,0,2.66666666666667,0.888888888888889,0.444444444444444,NA,NA,NA,NA,0.444444444444444,1.33333333333333,2.22222222222222,0,3,2,0,0,1.5,0,1.5,0,0,NA,NA,NA,0,NA,0,NA
Mycobacterium phage HarryOW,NA,JMN63_gp39,NA,DNA,linear,NC_052432,YP_009978172_39,gtgagagagctctggggtaacgacgccaggaagtggctgatccgcaagagcccgcacacccaggagtggatcgtgttcccgtcggtcggatcgttctacggcgtcatcacgttccacccggactacgagtcggcacgggccgacttcatcaggcaaacgaggagaccatga,0,2,2,0,0,1.33333333333333,2.66666666666667,0,1.71428571428571,1.5,2.57142857142857,0,0,3,NA,0,1,2,1,0,1,0,3,0,0,0.857142857142857,0.857142857142857,0,0,3,3,0,0,2,2,0,1.33333333333333,2.66666666666667,0,0,1.33333333333333,1.33333333333333,0,1.33333333333333,0,2,2,0,0,2,0,0,0,0,4.5,0,3,NA,1,NA,0,2,0,0
Mycobacterium phage HarryOW,NA,JMN63_gp40,NA,DNA,linear,NC_052432,YP_009978173_40,atgaagcgggtgcgtgaactggtgctgatccggatgctcgaccacgaggttcggctggagcacctgatccagatcatgcgggggtggttccggtga,0,NA,2,NA,NA,NA,NA,NA,0,NA,0,NA,0,3,1,0,0,2,2,0,NA,NA,NA,NA,0,0,5,1,0,1.2,4.8,0,0.666666666666667,2,1.33333333333333,0,NA,NA,NA,NA,0,0,4,0,0,0,2.66666666666667,1.33333333333333,0,NA,0,NA,NA,NA,NA,NA,3,NA,1,NA,0,2,0,0
Mycobacterium phage HarryOW,NA,JMN63_gp41,NA,DNA,linear,NC_052432,YP_009978174_41,atgagcaagcacgagtacgtcgtcgagctgggcggtgaactctgggttcagaagcgcctcgctcggcggctgggcctgacccacgtgcgggaatccgtatcgggacgccaccgtctgccggacgtccgattcagccaggagctacccgacgggacggtctactggtcggtgaaccggaagaacttcttccgccgggacgacagcctcccatcgggatgggtgcagcgcatctacccgcgtgtagctaccagcttcaggaccgcggaatga,0,2,2,0,0,3,1,0,0,3,0.461538461538462,0,0,3,1,0,0,2,2,0,1,1,2,0,0.461538461538462,1.84615384615385,2.30769230769231,0.923076923076923,0.75,2.25,3,0,1,2,1,0,0,0,1.33333333333333,2.66666666666667,1.33333333333333,1.33333333333333,0.666666666666667,0.666666666666667,0.8,1.6,1.2,0.4,0,2,0,0,0,0.75,2.25,0,3,NA,1,NA,0,2,0,0
Mycobacterium phage HarryOW,NA,JMN63_gp42,NA,DNA,linear,NC_052432,YP_009978175_42,gtggaatttcaagagttctgcgaccgcatttatcaggtgttctcgcagaccaccggagccgaggaccggttctgggcggtggaggacaacagcgccgagggcgtcggggtctgggacctggtcgccgtcgaccaggaggatcgccgggagtacctcggcaggttctccaacgaagcggatgccgacttcgtcgcgtcgatccacggcgctatcgcggacatggtgcgccggtcgatggaagcgatcgacgatgcggctcggctggagctggagcgcgacaacctgatgggccgggtcttcgacctggagcttgagatccaagggctcaagagcgagctggaccgttacgagggggcggaatga,0,2,2,0,0,4,0,0,0,2,0.545454545454545,0,0,2.4,1,0.6,0.8,2,1.2,0,NA,NA,NA,NA,0,2.18181818181818,2.72727272727273,0.545454545454545,0,1.33333333333333,4,0.666666666666667,0.5,1.57142857142857,1.5,0.428571428571429,0,1.23076923076923,2.15384615384615,0.615384615384615,0.5,2,1.5,0,0,2.4,1.6,0,0,1.33333333333333,0,0.666666666666667,0,1,3,0,3,2,1,0,0,1.71428571428571,0,0.285714285714286
Mycobacterium phage HarryOW,NA,JMN63_gp43,NA,DNA,linear,NC_052432,YP_009978176_43,gtgaagcaacaccgctaccagatcaaggacgagacagttctggtcaacgtcgtagagcacgaggatgatctcgacgggttcgagagcttcatccgctccaacctccggattctcggtctcgataccgagacgacggggctcaatatctaccaggacgccttcggtatccggctgatccagttcggtaacccgtgggagtcgtgggtcctgccggtggagcggggcggggtgttcgtaggagccgccgtcaccgctctccagaaggtccagcgcttcgtgatccataacgccgcgttcgacctccaggtgatcgagcggacgctcggtgtgccgatggagcagatgtggccgaaggtcgaggacaccaagatctactcgcacctggtagacccccgggcctacaaagaaggtgggaccgggcacaagctggaagagctgacgaagttctatatcgacccggtgaccgccgaagaggtcaaagcctcgatggctcgcctggccaagaagcacaagaccaccaaagacaagatctgggctctggtcgacctggacgacccggactatgagctgtacgccggcatggacacgatcctggtgtcccggctgctgggcaaggtcgccccgctggtgccggagtcgtcgcacaaactgatcccgtacgagcacaagctcgctgaggtgatgtcgtacgtcgaacgcaccgggttcctgctggacgtcgactactcggagaagctgtccgcggacatgctgcggaagtccgagcactacaccgcggtggctcggtacgcgtacggggtcgactcggtgaactccaccgagaagctggccgacggcctggagcgcacgggcgtgaagatcaaaggccgcacggccacgggtaagcgccaggtgaacgccgagctgctggaagctctggcggaggagggcaacgcgctggcgaaggctgcgatcgaggcgaagaagtggggttcctgggagaagacctgggtacgtaacttcatcgagcggcgggacgccaacgaccgggtccacccggggatcaacccgctgcaggcccggactgcgcggatgtcgaccacatcgccttcggcgcagaaccttccggccaacgactggatggtccgacggtgcttcctcgcggaccccgggcagctgatggtctcggtcgactaccaggcgcaggagcttcgcgtcctggcagcgctcgccaacgaccggacgatgatccgcgcgttcgaggaggaggcggatctgcaccaggtgaccgcggacgccgcaggcatggatcgcaaggtcggcaagatggccaacttcctaaccgtgtatggcgggggtgcggggaagctcgcgaccaacgcgggcatcacgttcccggaggcgaagaaggtgctcgacatcttcgcggccacctaccccggggttaccgatctgtccaagagcctgcaacgggaggcggcgaacctcgggtacgtcatcacccctaccggtcgtcggctgcccgtcgaccctgaccggggatacgcggcgctgaactacatggtgcagtccacgtcacgtgacgtaacggccagcgctgtgctgcggctgcacgaagcggggatgacaccgatgatccgtctggtgatccatgacgaggttctggcgtcggtacccgaggctgaggctgaggttacggctaaggagatcggacggatcatggagcagacgttccgaggcgtgctgatcaacaccgacccggaggtcgggggccgatcctggggcgcggcatatctgaagaaagacgatcaaccgtccgcagatccatttctgcggatcccagcttga,0.333333333333333,1.89473684210526,1.66666666666667,0.105263157894737,0.315789473684211,2.10526315789474,1.47368421052632,0.105263157894737,0,0.666666666666667,0,0,0,2.88888888888889,1,0.111111111111111,0.315789473684211,1.69230769230769,1.68421052631579,0.307692307692308,0.307692307692308,0.769230769230769,2.46153846153846,0.461538461538462,0.461538461538462,1.69230769230769,3.23076923076923,0.615384615384615,0.105263157894737,1.47368421052632,4.21052631578947,0.210526315789474,0.266666666666667,1.6,1.73333333333333,0.4,0.242424242424242,1.27272727272727,1.75757575757576,0.727272727272727,0.292682926829268,1.36585365853659,1.46341463414634,0.878048780487805,0.461538461538462,1.61538461538462,1.61538461538462,0.307692307692308,0,1.6,0,0.4,0.222222222222222,2.22222222222222,2.88888888888889,0,3,2,1,0,0,1.88235294117647,0,0.117647058823529
Mycobacterium phage HarryOW,NA,JMN63_gp44,NA,DNA,linear,NC_052432,YP_009978177_44,gtgaagaagttggttgcagcggtgctgctgggagtgtcagcgatcggtctcacggcgtgcgaaggcggtgaggacagccccccgaacggagtaatcatcgtgggcggggtgccgtatttttactga,0,2,2,0,0,0,4,0,NA,3,NA,0,0,3,NA,0,NA,NA,NA,NA,0,1.33333333333333,2.66666666666667,0,NA,NA,NA,NA,0,1.5,3,0,1,2,1,0,1,0,3,0,1.14285714285714,1.14285714285714,0.571428571428571,1.14285714285714,0.571428571428571,0,2.85714285714286,0.571428571428571,0,1,0,1,3,0,0,0,3,2,NA,0,0,0,1.5,2
Mycobacterium phage HarryOW,NA,JMN63_gp45,NA,DNA,linear,NC_052432,YP_009978178_45,ttgagcgaggaaatcaaggttccgaagttcatggtcgtgctccagaacgggctgttctgggcgttcccggacgactgcgagtaccgcatcagcggtgacgagctggcagtcgacttcggggaaggggagtaccgggtcttcccgatcaagaacaacatcgcctactacgggcgagtgatggtcaaggaagaaaccccggagggtcagatccgacgggagctggggctgtga,0,2,2,0,0,4,0,0,0,6,0,0,0,3,1,0,0,NA,2,NA,0,0,4,0,2.4,1.2,2.4,0,0,1,4,0,0.8,2,1.2,0,1.33333333333333,1.33333333333333,1.33333333333333,0,0,0,2.85714285714286,1.14285714285714,0,2.28571428571429,1.14285714285714,0.571428571428571,0,2,0,0,0,0,0,0,3,2,1,0,0,2,1,0
Mycobacterium phage HarryOW,NA,JMN63_gp46,NA,DNA,linear,NC_052432,YP_009978179_46,atgactgtcaccaccgatccctgggcctcgaacgacaacggtcccgagcagcctgtcgccaccaccgctcctgcgaccaccgtggtcaacaacagcagcaacgtggcgcccggcgagggcaagatcgtcaccaccctgaagggtggccgggacttcgacgctccgtggatcgttatccacgcttcgtcggtcgaagagtccgacgctctgttggacgcgaagttcaaggactacatggacaaggtgaagaaggtcgccgcggcgttcgcgggcggatcggctgcaccggctcccgctcagccctcgggcggcgggtaccagcgacaggctccgcagggtgcgcaggaagccccggagtgggctccgccgaagccgtacgacgacttcgtctacaagaccggtgtgtcgaagaagaccggcaaggtctggcacgcgtggatgcctccgaccaaggatgacggtcgcgacgccaagtttttctacgcaaattaa,0,1.66666666666667,2,0.333333333333333,0,3.66666666666667,0,0.333333333333333,0,1.33333333333333,0,0,0,3,1,0,0,2,2,0,0,1.25,2,0.75,2,2,2,0,0,0,4,0,0.666666666666667,1.69230769230769,1.33333333333333,0.307692307692308,0.333333333333333,0.833333333333333,1.33333333333333,1.5,0.285714285714286,2,0.285714285714286,1.42857142857143,0,2.46153846153846,1.23076923076923,0.307692307692308,3,2,0,0,0,0.666666666666667,4,0,0,NA,1,NA,0,1.66666666666667,2,0.333333333333333
Mycobacterium phage HarryOW,NA,JMN63_gp47,NA,DNA,linear,NC_052432,YP_009978180_47,gtgaacatcttcgacggccagttcagcggtatgtccggcgtcgacatgtaccgagcgtgggtgacgcctgagctctaccccaaccagaaaccagccctcctggctaattggtcagacgaggacaaagagatgttcgtgggtgccgaatggacccgcggctacaaccggaaggaaaccgaatga,1.33333333333333,1.5,0.666666666666667,0.5,0,2.66666666666667,1.33333333333333,0,0,2,0,0,0,3,1,0,0,NA,2,NA,1.33333333333333,1.33333333333333,0,1.33333333333333,2,2,2,0,0,4,2,0,1,2,1,0,0,2,1,1,0,2.4,0,1.6,0,1,3,0,0,2,0,0,2,2,0,0,3,NA,1,NA,0,2,0,0
Mycobacterium phage HarryOW,NA,JMN63_gp48,NA,DNA,linear,NC_052432,YP_009978181_48,atggatgaccttctgaccaacaaactgatcaagaaggccgccaagtccgtcgggaactcctggctactcacgtcagaccaggtcgaagacctgatccaggacttgtgggtggagcttctggagaggccgtctcgtaagcgagcgatctcgggagtaaccgaggacgaggctgccgcatacctgcgggggcacgcaaaccagatcctcagcgtcaagttgcgggaggagtacctagcccgaggggattgggactactcggcagagtcgatcaaagacgcgctcaaagggcggggcgacaacccgttcctgatggaggtgatccctaaagcgatcgaccacctatcggaccggcaccccccgtacgcggagtccctgaagacccggtacctcgacggcgtggtcctacgggacaaccccaacaagatggtgctgaagagggctcaccgcgcgctggccgaggagattcacgcggtgatcgtcgagatgagcgaccacgacggccccggctcacggtccaaggtgttcccggacacgatccggtcgcacaacggcccgggtgaccctgtcggggagctggctactcgtctcgctgacgacggatggaagccagccggcgaggacggtctgacgtaccgggagctggtcgacctggctaccgccgagcaggtgacctccagtgctccgaagcatcgccgggcgtgcccggtgtgtcaccacatagtgccgatcagctcgggacggttcagggatcacctgatcccgtcctgcgcagggtcaggggctgccgcgtga,0.533333333333333,2,1.46666666666667,0,0,2.22222222222222,1.33333333333333,0.444444444444444,0,0.9,0.9,0.3,0.230769230769231,2.53846153846154,1,0.230769230769231,0,1.81818181818182,2,0.181818181818182,0.266666666666667,0.8,2.4,0.533333333333333,0.6,0.6,3.3,0.6,0.888888888888889,1.11111111111111,3.11111111111111,0.444444444444444,0.117647058823529,1.73913043478261,1.88235294117647,0.260869565217391,0.592592592592593,1.18518518518519,1.18518518518519,1.03703703703704,0.666666666666667,1.33333333333333,1.55555555555556,0.444444444444444,0.235294117647059,1.64705882352941,2.11764705882353,0,0,2,0,0,0.9,1.8,1.8,0.3,3,1.33333333333333,1,0.666666666666667,0,2,0.444444444444444,0
Mycobacterium phage HarryOW,NA,JMN63_gp49,NA,DNA,linear,NC_052432,YP_009978182_49,gtggccttgacacgtaacgggaacgttctgccgtacctgcacttcgaagcccggtcccgggagattccccgggtcgagctgatcgaggttctggtcgaggagacctacgccaagcgcagtctggagccggtgaatggatga,0,1.33333333333333,2,0.666666666666667,2,2,0,0,0,0,0,3,0,1.5,NA,1.5,NA,2,NA,0,0,1.33333333333333,2.66666666666667,0,0,1.2,3.6,1.2,0,0,5,0,0.285714285714286,NA,1.71428571428571,NA,0,4,0,0,2,0,2,0,0,1.33333333333333,1.33333333333333,1.33333333333333,0,2,0,0,0,3,0,0,3,NA,NA,NA,0,2,1,0
Mycobacterium phage HarryOW,NA,JMN63_gp50,NA,DNA,linear,NC_052432,YP_009978183_50,atgactcagcgtatcgtctttctgcccgatactcagttgccttacgaggcgcgcaaagagatgcaagcggtcatccgcttcatcggggatgtccagccgtacggcgtggtacatatcggtgacgtcctagacctgccgcagccctcgcgctggaatcggggaaccaagggcgagttcgagggttcggtgtaccgcgacgcggactacgccaagaagaacctgatggagccgctgcgcaaggtctacgacggctggatcgggatgcacgagggcaaccacgatctgcgagcccgcgagtacctggccaagaacgcgccggccctggagggcacgcacgctttcgacatcgacgtgctgctcgacttcgacgggttcggtgtggagctgctgcctgacttctacgacatcgctccgggctggatctccactcacgggcacatgggcaagatgacgctatcccagatcgccggatcgacagcgctcaacggtgccaagaagttcggcaagtccgtggtctgcggccacacgcaccggcaggctgtcgtctcgcactcgttcgggtacggcggctcggtgcgcaagaccgtcaccggcatggaagtcgggcacctgatggacatgaagaaggccaactatctaaagggcggagctgggaactggcagatgggcttcgggatgctcacggtcgatggcaagcatgtcaaggctgagatcgtcccgatcctgggaggcaagttcaccgttgacggccaggtctgggaagtctga,0.117647058823529,1.71428571428571,1.88235294117647,0.285714285714286,0.333333333333333,1.33333333333333,1.33333333333333,1,0,0,0,0,0,3,1,0,0.222222222222222,1.63636363636364,1.77777777777778,0.363636363636364,0,0.8,2.4,0.8,0.545454545454545,3.81818181818182,1.09090909090909,0.545454545454545,0.947368421052632,0.947368421052632,3.78947368421053,0,0.333333333333333,1.52941176470588,1.66666666666667,0.470588235294118,0,1.64705882352941,1.17647058823529,1.17647058823529,0.484848484848485,2.06060606060606,0.96969696969697,0.484848484848485,0.173913043478261,2.60869565217391,1.04347826086957,0.173913043478261,0,1.77777777777778,0,0.222222222222222,0,2,4,0,3,2,1,0,0,1.81818181818182,0.315789473684211,0.181818181818182
Mycobacterium phage HarryOW,NA,JMN63_gp51,NA,DNA,linear,NC_052432,YP_009978184_51,gtgagcgactaccacgagatctaccgcgaggtcgaaacccctcagagcggcatgtctctgcacatcgacctcgacaccgtcacctacacatccgtcaccaacgcgatcaacgcgttggacgacgtctaccgatcagtacgcgcggagctaaccctcctcgcagagaagggaaccaaatga,1,2,1,0,0.571428571428571,3.42857142857143,0,0,0,2.4,0,0,0,3,1,0,0,2,2,0,0,0,0,4,2,4,0,0,1,3,1,0,0.4,2,1.6,0,1,0,3,0,2,2,0,0,0.666666666666667,2.66666666666667,0.666666666666667,0,0,2,0,0,1.2,1.2,0,1.2,3,NA,NA,NA,0,NA,1,NA
Mycobacterium phage HarryOW,NA,JMN63_gp52,NA,DNA,linear,NC_052432,YP_009978185_52,gtgagcgacgaaagcatcctggaagaggcgcagcgcctgatccacggacctcgcaacaaaaactacgggcacccccgggagaacttcgccgacatctccgcgttgttctccgcgtacctggagcgtccgatcactgacctggacgtcgcgaatctgatgatcctggtcaaggtggcccgggtgaagggtacggggtaccaccgggactcttacaccgacatcgcgggttacgccggctgcgccgagcggatctacgaggagccggtagaggaggacggtcagctcgccctgttcgatcttccgctgcccgacgacttgattcgtaacgaggacgaggactcgctgtcgtgggtggatgcgctcaacgacatcacgtactcggacggcgaagacgaggacgctctcgtggatctggacgagccgagggtgtggaacgacatccggcacgtaccggatggtgtcgacgtaatcgacaggttcgggaaccggcaatgccagcggtctgcgctaagcctgtttagcgcagagctcgtgaacgaatgggctccgttcaccgaggtcgtcgagtga,0.666666666666667,1.77777777777778,1.33333333333333,0.222222222222222,0,1.6,1.6,0.8,0,2.18181818181818,0.923076923076923,0,0,2.72727272727273,1,0.272727272727273,0.5,2,1.5,0,0,0.888888888888889,2.66666666666667,0.444444444444444,0,0.923076923076923,3.23076923076923,0.923076923076923,0.315789473684211,1.26315789473684,3.47368421052632,0.315789473684211,0.421052631578947,1.65217391304348,1.57894736842105,0.347826086956522,0.266666666666667,1.33333333333333,1.86666666666667,0.533333333333333,0.4,0.8,1.2,1.6,0.8,1.33333333333333,1.86666666666667,0,0,2,0,0,0,1.09090909090909,1.63636363636364,1.09090909090909,3,2,1,0,0,1.66666666666667,0.631578947368421,0.333333333333333
Mycobacterium phage HarryOW,NA,JMN63_gp53,NA,DNA,linear,NC_052432,YP_009978186_53,atgaaaatcggtgataaagcggttgtaaccgggcctctccggttcacgcacagcgaagacgaaggcccttacgtcttcttgacccctggagaagtcgttgaggtcattgagcagggcctggagatcggggacgtacttgtcaggcctctcgcagacggaggtcggcagtacatcgcggccggaagcctgtcgcccctcaaggaaccgagggtgtgggagaggttcgaggacgttcccgattcggtcgttgtgacggatcgagacgggacatgctgggtcggtggagagatcaaccgatacgcgcctttcacggaggttatcaagtga,1,2,1,0,0.666666666666667,1.33333333333333,2,0,0,3,2.57142857142857,0,0,2.5,1,0.5,0,2,2,0,0,1,0.5,2.5,1.71428571428571,0,1.71428571428571,0,0,2.57142857142857,1.71428571428571,0.857142857142857,0.727272727272727,1.25,1.27272727272727,0.75,0.8,0.8,2.4,0,1.33333333333333,0.666666666666667,1,1,0.533333333333333,1.6,0.533333333333333,1.33333333333333,0,2,0,0,0,0,3,0,3,2,1,0,0,2,0.857142857142857,0
Mycobacterium phage HarryOW,NA,JMN63_gp54,NA,DNA,linear,NC_052432,YP_009978187_54,gtgacgcagtttcgcctcgggtacgtggaggaaccgctgccgggtcacgagatgtacaaagggatgctcgctatcccttacctgcgatgggctccggacgagcggtggcaggtggtctcgctgaggtttcgtcgcctagacgccgccgagggtaaaccgaagtacctgaccgtcccgggcgacaccgggcggctgtacaacacgctggcgttgctgcaaccggctcagcgcgtcgggatcgcggagggcgagatcgatgcgttgacagcgtctgtcgcggggttccccacggtcggggtccccggagcgcaggcgtggaaagagcacttccgcgagccgttcctcggttaccgggaggtgctgatcctcgcggacggtgacgatgcggggatgcagttcgctgagacggtggcgggtgttctgcccaacgccaagatcattccgatgcccgacggctcggatgtcaacgacctggtgctcagccagggagtacaagcactgaaagacaaggtagggatatga,1.14285714285714,2,0.857142857142857,0,0.571428571428571,1.14285714285714,2.28571428571429,0,0,1.5,0.6,0,0.428571428571429,2.14285714285714,1,0.428571428571429,0.5,2,1.5,0,0,1.23076923076923,2.46153846153846,0.307692307692308,0.6,2.4,1.8,0.6,0.315789473684211,1.57894736842105,3.47368421052632,0,0.181818181818182,1.45454545454545,1.81818181818182,0.545454545454545,0.222222222222222,0.666666666666667,2.22222222222222,0.888888888888889,0.444444444444444,0.666666666666667,1.77777777777778,1.11111111111111,0.5,1.75,1.5,0.25,0,2,0,0,0,0,3,1.5,3,NA,1,NA,0,1.33333333333333,0.631578947368421,0.666666666666667
Mycobacterium phage HarryOW,NA,JMN63_gp55,NA,DNA,linear,NC_052432,YP_009978188_55,gtggaaccttcacaaactctgatcgcgaaggtcatcgagcgcctggcccctgactgggttccgcccgaggacacgggccgggtgtggattccctgcctctgctggcaccacgaggagtcgcggccgtctgccgcggtgtcgtaccagctgaacgctttcaactgcctcgcttgttcggcgcggggcaacgcgatcacgttgctgatgacttacgaggaggtgaactatcaaacagcagtcgaaagagcacaagagctatctccttcaggcgtcgcagcgttatcacaaagcgctggctgggtccgcggccgaggagtatctggcaacccgcgggctgaccgcgccggctatcgcagaggcggtgacgcagtttcgcctcgggtacgtggaggaaccgctgccgggtcacgagatgtacaaagggatgctcgctatcccttacctgcgatgggctccggacgagcggtggcaggtggtctcgctgaggtttcgtcgcctagacgccgccgagggtaa,0,2,2,0,0.666666666666667,0.666666666666667,1.33333333333333,1.33333333333333,0.857142857142857,0.4,0.285714285714286,0,0,2.25,1,0.75,1.66666666666667,2,0.333333333333333,0,0,1,1,2,1.14285714285714,2,1.42857142857143,0.285714285714286,0.545454545454545,1.63636363636364,2.18181818181818,0,0.4,1.33333333333333,1.6,0.666666666666667,0.869565217391304,0.695652173913043,1.21739130434783,1.21739130434783,0.888888888888889,2,0.444444444444444,0.666666666666667,0.8,1.06666666666667,1.33333333333333,0.8,3,0.8,0,1.2,1.6,0.4,2.4,1.2,0,1.5,1,0.5,1.09090909090909,2,0.545454545454545,0
Mycobacterium phage HarryOW,NA,JMN63_gp56,NA,DNA,linear,NC_052432,YP_009978189_56,gtgagctggatgaagatcgaggcgctcgtcaaggtcgatccgaccaccgaccccgatgacgtccacgagttcttagacgacgcgctcaagcagcagttcccgtaccacgagggcatcgaagtgtacgaggtcgtccggtggaaccttcacaaactctga,0.5,2,1.5,0,0,4,0,0,0,6,0,0,0,3,1,0,0,2,2,0,0,1.33333333333333,2.66666666666667,0,0,0,6,0,0,3.6,0,1.2,0.4,1.33333333333333,1.6,0.666666666666667,0,0,4,0,0,4,0,0,0,2.85714285714286,1.14285714285714,0,0,2,0,0,0,0,0,0,3,NA,1,NA,1.2,2,0,0
Mycobacterium phage HarryOW,NA,JMN63_gp57,NA,DNA,linear,NC_052432,YP_009978190_57,atgaaaccgactgcacgaccgaacctgctccgtcagcagctgctgggggctctgctggacccgcgtaagtacgcgctggcccggaacgtctcggagcactccgtggaccgcaccgctcggaggtggggcaagtga,0.666666666666667,2,1.33333333333333,0,0,2,0,2,0,0,0.857142857142857,0,NA,NA,1,NA,0,2,2,0,0,0,4,0,0.857142857142857,0.857142857142857,1.71428571428571,1.71428571428571,0,0.857142857142857,5.14285714285714,0,0,2,2,0,0.8,0.8,0.8,1.6,0,2,2,0,0,2,2,0,0,2,0,0,0,3,3,0,3,NA,1,NA,0,NA,0,NA
Mycobacterium phage HarryOW,NA,JMN63_gp58,NA,DNA,linear,NC_052432,YP_009978191_58,ttgagaaacgtcgacctacgtctcggagactgccgagacatcctcaccgaactagaagacgccagcgtcgactccatcgtcaccgaccctccctatgagctggccttcatgggcaagaagtgggacggctcgggtatcgccttcgacgtcgagatgtgggagcaatgcctgcgtgtgttgaaacccggcgggcacctgctcgccttcggcggctcccgcacctggcaccggctgaccgtggccatcgaggacgccgggtttgagattcgcgactcgatcgcgtggctgtacggcagcgggttcccgaagtcgctcgacgtatccaaggcggtggacgggttcgtcgccacaggtaggagtgacagcaaggccctggccgaggtcaacgcgagtcgccccggcgaggccacgatacgtcagtccagcaccaatgggcacaaaggcttcgtgggatcaggggaccacggcccgagggagaagcgcgcaacacctgctaccgatgccgccaagcagtggcagggctggggcacagcgctgaaaccggcgttcgagcccatcgtggtcgcgcgtaagcctctcgtgggcacggtggcggcgaacgtcctggagcacggcaccggcgctatcaacatcgacgcctgccgcaccgagtatgagcagggcggatcgctagcgacgaacccgagcttgcgcagcgggattagcggcggcaatggcgggcacatcttcccgaccgagacgggccgaagggtagtcactccgcacgcctcgggccgctggcctacgaacgttgttctcgacgaggcgcaggccgccgaactcggggagccgcagaggttctttccggtgttcaagtatcaggccaaggctcccaccagggagcgccccagctacgtcaacgaagacggtgccaaggtcgcgcacagcaccgtgaagcccttgaccctgatgcgctggctcgctcggctcgtgtgccctcccggtggggtgatccttgatcctttcgccgggtcgggaaccacggtggaggcgtgtcttctcgagggattcgactgcatcgccattgaaaacgaaccggagcacatcccgctcatcgagcatcgaatttctcgctcgacaacttga,0.4,1.6,1.6,0.4,0.64,2.08,0.96,0.32,0.24,2.25,1.2,0.5,0.166666666666667,2.16666666666667,1,0.666666666666667,0.25,1.8,1.75,0.2,0,1.33333333333333,1.66666666666667,1,0.72,2.4,0.48,0.96,0.620689655172414,2.27586206896552,1.86206896551724,0.413793103448276,0.461538461538462,1.8,1.53846153846154,0.2,0.108108108108108,2.16216216216216,1.2972972972973,0.432432432432432,0.5,2,1.1,0.4,0.296296296296296,1.62962962962963,1.77777777777778,0.296296296296296,0,0.8,0,1.2,0.25,1,1.75,0.25,3,1.66666666666667,1,0.333333333333333,0,1.71428571428571,0.827586206896552,0.285714285714286
Mycobacterium phage HarryOW,NA,JMN63_gp59,NA,DNA,linear,NC_052432,YP_009978192_59,atggcggcggctaagcctaagccccggcgctgcgtcgactgcgcagcggccgggatcacaacccgccgagccgcccctcacccgggacctcgatgcgccacccaccatcgcgaaaagcgaaccgtccgaaaggatacggcgtgggagaagcgtctactggagctctacgacatcaccgccgatgagtattggcagatatacgaggctcaaggtggtaggtgctacatctgccgcaaaggacggggcctgcggaagaagctggccgtcgaccacgaccaccgaacagggcacgttcgcgggctgctggatacgccctgtaaccgcaacgtactcggtcacctcggtgacgaccccgaagctctccagcgagggatcgactacctggagaacccgcccgcgttcgcggtgatcgggaaacggatcgctcctatcgaggtcccgaacttgaatcgtaacgggcagaagcccacaaccggaaggaagagaaagacttga,0.333333333333333,1.66666666666667,1.66666666666667,0.333333333333333,1.09090909090909,1.81818181818182,0.727272727272727,0.363636363636364,0.285714285714286,NA,0.571428571428571,NA,0.375,2.625,1,0,0.5,1.71428571428571,1.5,0.285714285714286,0,1.66666666666667,1,1.33333333333333,1.71428571428571,1.71428571428571,1.14285714285714,0.571428571428571,0.5,2,3,0,0.5,1.4,1.5,0.6,0.235294117647059,1.41176470588235,1.41176470588235,0.941176470588235,0.857142857142857,0.285714285714286,1.71428571428571,1.14285714285714,0.571428571428571,2.28571428571429,0.571428571428571,0.571428571428571,0,1.6,0,0.4,NA,NA,NA,NA,3,1.66666666666667,1,0.333333333333333,0,2,0.5,0
Mycobacterium phage HarryOW,NA,JMN63_gp60,NA,DNA,linear,NC_052432,YP_009978193_60,ttgatgcccgataacttgattcgtaacgagaaacaggacgtcacggtgttcaccacaggcccggactgcttcaaatgcacgctcaccaagaacgcgttgacccgcggcggtgtggagttccgggaggtccgcgtggaccaggaccccgaggctctgaagctggtgaagcagaaaggctacgagaccgctccggtggttcacgtcgccagcaccggcgcgtggtgggacgacttccgggccgacaagatccgggatctgatcaaggcggctaaggcgtga,0.666666666666667,2,1.33333333333333,0,0.5,2.5,1,0,0,6,0,0,0,2,1,1,0,2,2,0,0,2,2,0,0,2,3,1,0,0.857142857142857,2.57142857142857,0,0,1.55555555555556,2,0.444444444444444,0,0.888888888888889,1.77777777777778,1.33333333333333,0,3.2,0,0.8,0,1.33333333333333,2.22222222222222,0.444444444444444,0,2,0,0,0,0,0,0,3,2,1,0,0,2,2.57142857142857,0
Mycobacterium phage HarryOW,NA,JMN63_gp61,NA,DNA,linear,NC_052432,YP_009978194_61,ttgcagtcgattgacgctaaagggtctgccggtgaccctctgcccgtaccgttccggtcgctgaccaagcaaggtatcaacttcctgcgaggtcagctggcgctgatcgcggcggcacccggaggggctaagtcggcgttcacgcttgctctagcgctcaaaggccgtatcccgacgtactacctctcggctgactcggacgcgttcacgcagtcgacgcgcatcctctcgatggagctcgggatgccgctggctgagtctgctcgggcggtacgcgaaggtcagttgcctccgcaggtgctgacgtggaacgcggccccggggaacccgaacggtatccctatccggctgaactactcggcgcagccgacgctcaaggtcatcgagacctcgctggccgcgtacgaggagacgttcgggaactacccgcagctgatcgtgatcgacaacatcacgaacgtcatcaccggggtagccgcgaacgacgaggacccgttcggtggtctggaggtcctgatggactggctgcacgagaaagcccgggagaccggcgcgtgcatcatcggtctgcaccacgtcaccgctgacaacaactccggtgacaagccgatcccgctgtcggggatcaaggggcagatcggccgcgtacccgagcttgtagccaccttgcaccgagtcccgtcgacgttcggcggggacacgctgagggtgtcggtggtcaaaaataggtcaggaagagctgacccttcgggccggctgtacgccgagctgaaattcgacggctcgaagatggagattaaggatttttga,0.833333333333333,1.83333333333333,1.16666666666667,0.166666666666667,0,1.5,2.5,0,0.428571428571429,0,0.857142857142857,0,0,2.66666666666667,1,0.333333333333333,0.222222222222222,2,1.77777777777778,0,0,0.631578947368421,2.52631578947368,0.842105263157895,0.857142857142857,1.28571428571429,2.14285714285714,0.428571428571429,0.206896551724138,1.03448275862069,3.72413793103448,0.413793103448276,0.153846153846154,1.85714285714286,1.84615384615385,0.142857142857143,0.142857142857143,1,1.71428571428571,1.14285714285714,0.307692307692308,0.923076923076923,1.38461538461538,1.38461538461538,1.33333333333333,1.6,1.06666666666667,0,0,2,0,0,0.333333333333333,0.333333333333333,4.66666666666667,0.666666666666667,3,2,1,0,0,1.77777777777778,0.620689655172414,0.222222222222222
Mycobacterium phage HarryOW,NA,JMN63_gp62,NA,DNA,linear,NC_052432,YP_009978195_62,gtgaacaggctggctatggctgcgctcggagggttgtccctagccggcgcgctggtgttcgggataagcgccgggatcgcccgggttatcgctgttgaagacacgacggaggaggtgcccgattctctcgatcttgcagtcgattga,NA,2,NA,0,0,0,4,0,0,2,3,0,1,2,1,0,NA,NA,NA,NA,0,4,0,0,0,0,3,0,0.857142857142857,1.71428571428571,1.71428571428571,0.857142857142857,0.666666666666667,0.5,1.33333333333333,1.5,0.444444444444444,1.33333333333333,0.888888888888889,1.33333333333333,0.8,0.8,2.4,0,0,0.666666666666667,2,1.33333333333333,0,NA,0,NA,0,2,0,2,3,NA,NA,NA,0,2,0.857142857142857,0
Mycobacterium phage HarryOW,NA,JMN63_gp63,NA,DNA,linear,NC_052432,YP_009978196_63,gtgaccgaacgatggactcttgctgacccggcgctgaaagcgactgtaaccaaacggctaggcccggggaacctgttggacgtcgagctggaagacaagagagcggttcacgaactcggaggggtgctgcgcgccgctcgtcgaggtcttctcggtcctccgctggtgaagttcctcggcacgactgagtcggcgctgatcaaagctaccgacaaagtctgggctgaagaagtcaaggccaaacaggaaggccgcacgatctacaacgggttcatagcgagggggacgaagtga,1.11111111111111,2,0.888888888888889,0,0,1.33333333333333,1.33333333333333,1.33333333333333,0.75,0,0.75,0,1,2,NA,0,0,2,2,0,0,0,3,1,1.5,1.5,0.75,0.75,0.461538461538462,1.38461538461538,2.76923076923077,0.923076923076923,1.5,2,0.5,0,0,0.727272727272727,1.81818181818182,1.45454545454545,0.4,1.2,1.6,0.8,0.5,1.5,1.5,0.5,0,2,0,0,0,0,6,0,3,NA,1,NA,0,2,0.461538461538462,0
Mycobacterium phage HarryOW,NA,JMN63_gp64,NA,DNA,linear,NC_052432,YP_009978197_64,atgaccaacatcaacacgcgggagctcgtgagcctgctctacgagcagagggtgcggggggcctcgtccgccgccatcgccgagaagctggtggagaagtacgacatcaccgagaagccggaacccgaggcacctatcgggaccgtgcgagttcgaaggggcgattacgagccggagggtacctcgatttacatcaaggtcggcgcatatcgctgggtaggggtttacacgggcgaggcgtactcgaagggtttctacgtgaacgatcacctccccggtggcgaatggggggacacggaggtgttccgcccgtga,0,2,2,0,0,2.28571428571429,1.71428571428571,0,0,1.2,1.5,0,0,2.5,1,0.5,0,2,2,0,0,1.33333333333333,2,0.666666666666667,1.5,1.5,1.5,0,0,3.6,2.4,0,0.333333333333333,1,1.66666666666667,1,1.14285714285714,2.28571428571429,0.571428571428571,0,0,1.45454545454545,1.45454545454545,1.09090909090909,0.4,0.4,2.4,0.8,0,1.75,0,0.25,0,1.2,3.6,0,3,NA,1,NA,0,2,0,0
Mycobacterium phage HarryOW,NA,JMN63_gp65,NA,DNA,linear,NC_052432,YP_009978198_65,atgaccaaaccactactggcgtcggccgaggagctcgtggagatgctcggcgtcgacgcggacaccgtcaaacgctggcgcaagaacggcctgacccccgtcggttcgcggtccctgtaccgcggggccccggtggaacccatgttcaacgtcgcggctgctagccgcctgcatcgcaaggagaaggtatga,0.8,2,1.2,0,0,4,0,0,0,1.5,0,0,NA,NA,1,NA,NA,0,NA,2,1,2,1,0,0,5,1,0,0.857142857142857,1.71428571428571,3.42857142857143,0,0.4,2,1.6,0,0,1.14285714285714,1.71428571428571,1.14285714285714,0,2,1,1,0.571428571428571,2.28571428571429,1.14285714285714,0,0,2,0,0,0,1.5,3,0,3,NA,1,NA,0,2,0,0
Mycobacterium phage HarryOW,NA,JMN63_gp66,NA,DNA,linear,NC_052432,YP_009978199_66,gtggtgctcatccaaggcgatgccctgcagagtatggaggcgatggcggaccagtcgatcgattgcgtctccacgagccccccgtacttcgggctccgagactacggagttcgcgggcagtatggttccgaggcatcccctgccgagtacgtcagcagactggtgaggctgttctcggaggtcttcagggtcctatcggacgagggcacgttatggctgaatatcggagactcctaccgtgacaagaaccttctcgggattccttggaaggtggcgttcgcgctgcaagattccggctggattctacggaacgatattatctggcacaagacgaacgccatgccattctccggcaaggaccggctgtctaaccgtttcgaacacgtcttcttattcaccaagaagaagaagtacgtgttcgatctggactccgtccgagaaaagtgcgtatccacccccgatcgtaacggtagaaacgctctgcgaggccagaagtccttaagagcatcaggacccaattccggtcaatacggggagtataaaaacccaggagacgtatggagcatatccaccagaccgtttccggaggcccacctcgcggtgcaatctccggaactggccgagagatgcgtgcgggcgggtagtagggccgggggaattgtactcgacccgttcagcgggacaggtaccacaggcgctgccgcccttaagcacggacgtaagtacgtcggtatcgacctaaatcgggagtacctcgacctgtccgtccgaactcgccttgccccatacttgacacgtaacgaggagaaatga,0.285714285714286,1.45454545454545,1.71428571428571,0.545454545454545,1.09090909090909,1.45454545454545,1.09090909090909,0.363636363636364,1.30434782608696,1,0.782608695652174,0.5,0.3,1.5,1,1.2,1,2,1,0,0.923076923076923,0.923076923076923,1.53846153846154,0.615384615384615,1.04347826086957,0.521739130434783,1.04347826086957,1.30434782608696,0.692307692307692,1.38461538461538,2.30769230769231,0.692307692307692,0.428571428571429,1.29411764705882,1.57142857142857,0.705882352941177,0.421052631578947,1.89473684210526,1.26315789473684,0.421052631578947,1,1,1,1,0.631578947368421,1.68421052631579,1.47368421052632,0.210526315789474,0,1.63636363636364,0,0.363636363636364,0.25,3,0.75,0.5,3,2,1,0,0.692307692307692,1.81818181818182,0.230769230769231,0.181818181818182
Mycobacterium phage HarryOW,NA,JMN63_gp67,NA,DNA,linear,NC_052432,YP_009978200_67,atgaaggttgtagttttgactgtggattctccggaaggcatcgccacttcgatacatccagacgaggactccgcggtcgaggccgtgattggcgcttacggagacggaggcctgttctccggctccgatgccgagaaccgtctccaggacctcatggacctattcggtctgactgtttatatcgacacgttcgatacgtcgtggggatag,0,2,2,0,0,0,1.6,2.4,0,0,0,0,0.75,1.5,1,0.75,0,0,2,2,2,0,2,0,0,0,0,6,1,2,2,0,0.5,1.33333333333333,1.5,0.666666666666667,0,2.4,0.8,0.8,1.5,2,0,0.5,0.571428571428571,0.571428571428571,1.14285714285714,1.71428571428571,0,1,3,1,0,3,2,1,0,NA,1,NA,0,2,1,0
Mycobacterium phage HarryOW,NA,JMN63_gp68,NA,DNA,linear,NC_052432,YP_009978201_68,gtggagtaccgctacgagaagaagccccggtccgtctcgcagctgtcacagttcgacaaatgcccgttcagctggaaattggccaggcatgagcgcgtgtggagacgcccagcggcgtggctgcagcagggtaccggggtccacgcggtggctgagaaatacatgctatcgaagctcgccggctcaccgctgacgcgcgaagagtgctatgagatcttcaaggccgagtacgccgacgggatcaacgaagctaccgaggagactccgaacctcggctggtggttcgcctccgggccataccgcggcgcggacgacatcgagcgtcgatggggtatcgggctgcagcaggtggacaagaccctggactggatcgacaaccaccagagcctagaggtgtggcacacaccggacggcaccccggggatagagctcgcgatcgagttcgagctcgatgggatagagatccgaggctacatcgacgcggtgctcgtgctcgacggtgagacgctggtggtcgactggaagaccggactcaagcccggagatgactttcagctcgcggtgtacgcgctggcgttgaaacagctgtacggagtcgagatcacgcgcggcgtgtacttcatggcgaagaccggcaagccgacgtatccgtacgacctgacggactggacgcgggagaagatctcggcccggttccacgacatggaacggaagctggaagcgggggacttcacgcctaagccaggcgctagctgcgcgaggtgcgacgtggcgttgagctgtgaatactctatggcctga,0.5,2,1.5,0,0.266666666666667,1.6,1.86666666666667,0.266666666666667,0.375,2,0.75,0,0.5,2.5,1,0,0,1.6,2,0.4,0.923076923076923,0.615384615384615,2.15384615384615,0.307692307692308,0.75,2.25,1.5,0.375,0.521739130434783,2.08695652173913,2.60869565217391,0,0.434782608695652,1.78947368421053,1.56521739130435,0.210526315789474,0,1.21739130434783,2.26086956521739,0.521739130434783,0.571428571428571,1.52380952380952,1.33333333333333,0.571428571428571,0,1.06666666666667,2.93333333333333,0,0,1.69230769230769,0,0.307692307692308,1,1,1.5,0.5,3,1.6,1,0.4,0,1.77777777777778,0.782608695652174,0.222222222222222
Mycobacterium phage HarryOW,NA,JMN63_gp69,NA,DNA,linear,NC_052432,YP_009978202_69,atgaccactattcacgcgatgatcatccgcccggaggatgagaaggactccatcatcctccacgctgcggaggcgatgtccaagatcgccgactacgacctgacgacgttcaagcaggttaccgagttccagcctgtaccgatcgtggaccgggacgcctctgcggtcgtggctcggcctgtcggcgcgcagttcgaggctgaaggctctctcatctccgaggagaactcgtcgtacgtcctcgacgacctgccgaacggtgttctggagcgtgtctgggtcggaaacttttggacacacgtcaccggcgaggcgtccgaccccgagggtgagtag,0,2,2,0,0.571428571428571,1.71428571428571,1.14285714285714,0.571428571428571,0,0,0,0,0,2.625,1,0.375,0,2,2,0,0,0.666666666666667,2,1.33333333333333,0,1.5,3,1.5,0,3,3,0,0.166666666666667,1.77777777777778,1.83333333333333,0.222222222222222,0,0.727272727272727,2.18181818181818,1.09090909090909,0.666666666666667,2,0,1.33333333333333,0.363636363636364,2.18181818181818,0.727272727272727,0.727272727272727,0,2,3,0,0,3,1.5,1.5,0,NA,1,NA,0,1.5,0,0.5
Mycobacterium phage HarryOW,NA,JMN63_gp70,NA,DNA,linear,NC_052432,YP_009978203_70,gtgtctgaatacgcaatcctcggtctcgccgccgagacggtcgacgatcttgagtcggtccgcatcgcgaacgagaaccgcctgcgctccctcaccgatccgaagctgtacggcttggacgtccgacacccggacgtcgccgcgctcgcggtgatggtcgagcagctcaaggagaccgaagcagccgcggtgaagaaccttcagaagcggatgcgcaagcatcctctcgggccgtgggtcaagcaggctaccggggtcggtgagaagcaggccgcgcgcctgctggcctcgatcggtgatccgtactggaactcacttcacgaccgcccacgtacggtgtccgagctgtggtcgtactgcggctacggtgatgcctcccgccaggttcgccgtaaaggcgtccaggcgaactggaactctgatgccaaggtccgggcgtttctgatcgcgacgtcgtgcgtgaagtctaaaggcgtctaccgagacgtctacgacgaggcgcggaggaagtacgccggcgcggttcatacgtccgagtgcaagcgctgcggacccgctggtaagcctgctcagccaggctccccgctgtcgctcggtcaccagcacgctcgtgctctgcgggcgatctcgaaagctgtccttaaggacatgtggttggagtcaaagcggctccacgaatcaacagagtcgctagcagaagcggcgtaa,0.352941176470588,2,1.64705882352941,0,0.5,1.5,2,0,0,0,0.3,0,0,3,1,0,0,1.42857142857143,2,0.571428571428571,0.8,0.4,2,0.8,0.6,2.7,1.5,0.9,0.260869565217391,2.08695652173913,2.08695652173913,1.04347826086957,0.533333333333333,1.16666666666667,1.46666666666667,0.833333333333333,0.387096774193548,1.16129032258065,1.67741935483871,0.774193548387097,0.266666666666667,1.6,0.533333333333333,1.6,0,2.52631578947368,1.05263157894737,0.421052631578947,3,2,0,0,1,1.66666666666667,2.33333333333333,1,0,2,1,0,0,0,0.521739130434783,2
Mycobacterium phage HarryOW,NA,JMN63_gp71,NA,DNA,linear,NC_052432,YP_009978204_71,gtgaaactcgccgaactggtcgacaacatcatcaccgccgagaccgaggtaaccgtcgagtccctgaccgcaaccgtgctgcgcgagactccggatgacctgctggaagacttctacgcagaagctctgccgttctacctgcgcacgcagatcaacctgactcgtaacagcgctatcaacgccgccgctaccgaggttcgtaggcagcccgctccgtcccgcaagatggccgctgtgcgcgactactggcaacaagagctcgactcgatgatcgcagtcggagacggagcctacaagcgccttcgtgactgcacggccgctgacctcaaggtcgctatcgagacccggttggcgcatatccagtcggttcagtcgaagatcaaccattacgagtcgatgatcgaggctatgacgctgcaaggcgtcgagacagtcggagagctgtccggcccggtctcgtaa,0.4,2,1.6,0,0.307692307692308,2.15384615384615,0.923076923076923,0.615384615384615,0,0.666666666666667,0.6,0,0,3,1,0,0.857142857142857,0,1.14285714285714,2,0,0.8,3.2,0,0,3,0.6,1.8,0,1.2,4,0.4,0.428571428571429,1.77777777777778,1.57142857142857,0.222222222222222,0.631578947368421,1.47368421052632,0.210526315789474,1.68421052631579,2.4,1.6,0,0,0.307692307692308,2.15384615384615,0.923076923076923,0.615384615384615,3,2,0,0,0,2,3.33333333333333,0,0,2,1,0,0,2,0.4,0
Mycobacterium phage HarryOW,NA,JMN63_gp72,NA,DNA,linear,NC_052432,YP_009978205_72,atgacgctggccgagttcctgggcaagtcggtcgcggcccagttcgggcacggggataaggccgaagtcgaatacctgcgtgatcgggtggccctgtactgggggtcccgactagggcctaagcgctctcttagcgaagctctatccgacctcgggctacccgaggatttttcttctgacgacaacttgattcgtaacgatgacgaggaggagacgtga,0,2,2,0,0,0,4,0,0,0.857142857142857,0,0,0,0,1,3,0,2,2,0,0,2,0,2,1.2,1.2,1.2,2.4,1.8,0.6,2.4,0.6,0.75,1,1.25,1,0,2.66666666666667,0.666666666666667,0.666666666666667,0,0.666666666666667,3.33333333333333,0,0,2.66666666666667,1.33333333333333,0,0,2,0,0,0,1.71428571428571,0.857142857142857,2.57142857142857,3,NA,1,NA,0,1.33333333333333,0.6,0.666666666666667
Mycobacterium phage HarryOW,NA,JMN63_gp73,NA,DNA,linear,NC_052432,YP_009978206_73,gtgaacgagaaagagttcgcagagcaggaccgttccaacggtctgagcgccgtgctcgactgggcgagccgtaagaccgggaacatcatggacatcacagtcgtatcggtcgaggacgctatggagctggagaacaaccagctccccgaggaggacgaggatgactga,1,2,1,0,2,2,0,0,0,3,0,0,0,3,1,0,0,NA,2,NA,0,4,0,0,0,0,0,6,0,3,3,0,0,1.71428571428571,2,0.285714285714286,1,1,1,1,0,0,2,2,0.8,1.6,1.6,0,0,NA,0,NA,0,1.5,1.5,0,3,NA,1,NA,0,2,0,0
Mycobacterium phage HarryOW,NA,JMN63_gp74,NA,DNA,linear,NC_052432,YP_009978207_74,atgagcaacatctgggatcagccggcgtaccaaccggcgtacgcgccgaccagcaagtggaacgcccggcggctgaccgggctgggaatccttgcggttctgctggtggcgatgatcgctatggagccgcgggtgttcgggcccatcgcgttcaccgggttgttcatcggcgtatacctgctgccgaccctggtcgctacggtgcgcaagtcgcacctgctgggacctgtgacggtcgtgaacctgctgctcggatggacgttcatcggctgggttgtagcgctcgctatggcggtgaagaagtga,0,2,2,0,0,2.28571428571429,1.71428571428571,0,0,4,0,0,0,3,1,0,1,2,1,0,0,0.571428571428571,2.85714285714286,0.571428571428571,0,1.5,4.5,0,0,0.8,4.4,0.4,0,0,2,2,0,0.333333333333333,2.66666666666667,1,1.5,1,1.5,0,0.666666666666667,0.666666666666667,2,0.666666666666667,0,2,0,0,0,0,2,0,3,NA,1,NA,0,2,0.4,0
Mycobacterium phage HarryOW,NA,JMN63_gp75,NA,DNA,linear,NC_052432,YP_009978208_75,atgttcgagatcacttcccgagttatcggtaagacaatcgtccctactctgaacgtggttaaagacgcgtatatccgcgctaatacactcgatctggtccccggtattcgcggcctccacgtttaccgttctacgtggctaaccgacgacagctacctttaccgggaagtgaaagagttcatcgacaggtattgcgagcctgatgcggtcgagcgcgaagaacgtcacggcgacaaatacatcatgggcgaaatcggggagttcctgagctatattctccgccgcgaatatcagcccgcggacttcaacccgtgcccgttgctcgtggagctgggcctggccaaaaagcgccgctgcaacgcggcccgcaaacctaaagaggaggcagcatcatga,1.5,1.5,0.5,0.5,1.33333333333333,0.666666666666667,0.666666666666667,1.33333333333333,0,2.4,0.461538461538462,0,0,2.33333333333333,1,0.666666666666667,0,2,2,0,0,1.14285714285714,1.14285714285714,1.71428571428571,0.461538461538462,3.69230769230769,0.461538461538462,0.923076923076923,0.5,2,2.5,0.5,0.769230769230769,1.5,1.23076923076923,0.5,0.888888888888889,0.888888888888889,1.77777777777778,0.444444444444444,0,2.28571428571429,0.571428571428571,1.14285714285714,0,1.33333333333333,1.33333333333333,1.33333333333333,0,1,0,1,1.2,1.2,0,1.2,3,2,1,0,0,2,0.5,0
Mycobacterium phage HarryOW,NA,JMN63_gp76,NA,DNA,linear,NC_052432,YP_009978209_76,atgagaaccaccagagaacagctcccccgcctctcactagaagtgattgaggctctgaaagctacgggggagactgaggcagatatcgcccggatgtacggtgtgacaccacaggctgtttcatggcacgttcacacgtacggaggcaaattgaccgctcggcaggttatccgccgcgaatacccgttcaaggtaccagagcctctttctcagtgcgcgccgcataaacgactgagggatcatggcgaatacatcgccacacgcggcaaaggtatgaaagaatacaagctgaaacgtctccggtcgttttaccggatgcttcgtgagaacaattgggttgtcgagtttgatccgaacatcccgcctatacccggcgtcagcaaacgcgggggttgggcatacagggagcgccaggaatccgacgaagacctactcatcagagtcaacgaatacacaactctgtccgagatcggacgtcaccacatctggcgtttcccgagcgtggagccctga,1.55555555555556,1.5,0.444444444444444,0.5,1.2,1.2,0.8,0.8,0.9,1.5,0.6,0,0.333333333333333,2.33333333333333,1,0.333333333333333,0,1.33333333333333,2,0.666666666666667,0.666666666666667,1,1.66666666666667,0.666666666666667,0.3,1.8,1.2,1.2,0.923076923076923,1.84615384615385,1.84615384615385,0.923076923076923,0.941176470588235,0.8,1.05882352941176,1.2,0.888888888888889,0.888888888888889,0.444444444444444,1.77777777777778,0.727272727272727,1.45454545454545,0.727272727272727,1.09090909090909,0.363636363636364,1.09090909090909,1.09090909090909,1.45454545454545,0,2,0,0,1.5,1.5,0.75,0.75,3,2,1,0,0,1,0.461538461538462,1
Mycobacterium phage HarryOW,NA,JMN63_gp77,NA,DNA,linear,NC_052432,YP_009978210_77,gtggctaagcgcctggccttcgtcgtctggttcgtcgtcggcgctgtgatgctcgcagcggtcctggtagccccgtcagcacgcgctgacggattctccgggtgcgagcatcggtcggtgtctcaccagctggagcacggcggtctcagggccgattcggactggcacgtggcccacggtgacctgccgacgtgcgatccggagaagaaatccgagagcaaacacgactcagccggcccgggcaaagaccgcgggaaagacaagaagagtcgctactgccggaaacggtggtactgctga,1.11111111111111,NA,0.888888888888889,NA,0,0,4,0,0,0.666666666666667,0.75,0.666666666666667,NA,NA,1,NA,0,1.66666666666667,2,0.333333333333333,0,0,4,0,0,3,2.25,0,0,2,4,0,0,1.5,2,0.5,0.727272727272727,1.81818181818182,0.363636363636364,1.09090909090909,0.444444444444444,1.77777777777778,0.888888888888889,0.888888888888889,0.4,2,1.6,0,0,2,0,0,1.33333333333333,1.33333333333333,1.33333333333333,0.666666666666667,3,2,1,0,0,2,0,0
Mycobacterium phage HarryOW,NA,JMN63_gp78,NA,DNA,linear,NC_052432,YP_009978211_78,gtgagcgaggacgcagaacgtctatcggtggaggagatccgtagaaaactgatcgctcggctgcaggagatcgtcaacgatctcagcggtgatcgcgactacatgggcggcatggatagaggcttgcaggaggctctgaacattgtcgagggacgagattactgggacgacggtggctaa,2,2,0,0,NA,NA,NA,NA,1.71428571428571,4,0,0,0,2.25,1,0.75,0,NA,2,NA,NA,NA,NA,NA,0.857142857142857,0.857142857142857,0.857142857142857,1.71428571428571,1,1,3,0,0.285714285714286,1,1.71428571428571,1,1.33333333333333,0,0,2.66666666666667,0.571428571428571,2.28571428571429,0,1.14285714285714,0,2,2,0,3,2,0,0,0,0,2,0,0,NA,1,NA,0,NA,1,NA
Mycobacterium phage HarryOW,NA,JMN63_gp79,NA,DNA,linear,NC_052432,YP_009978212_79,gtgaccactccagaccaggtttcgcctccccgggaggatggcgcaacgcctcccggggagctgcggctcgccgatcgttgcgacgcgtgctctgccgcggctatggagcgctgggagaacggccagttcgagctgctgttctgcaagcaccacgccaccgcccacgctgaagggttgttcaccgcatcgtgggtacgtactgagtcgtgggcgttcgtccgcgagaacctagcgggaaccgtcggactaaagagagtgaggcaggtgtga,0,2,2,0,0,2.28571428571429,0.571428571428571,1.14285714285714,0.75,0,0.75,0,NA,NA,1,NA,0,2,2,0,0.8,1.6,0,1.6,0,1.5,1.5,1.5,1.71428571428571,0.857142857142857,2.57142857142857,0,0.25,1,1.75,1,0.666666666666667,1.33333333333333,1.33333333333333,0.666666666666667,1.33333333333333,1.33333333333333,1.33333333333333,0,0.571428571428571,1.14285714285714,1.71428571428571,0.571428571428571,0,NA,0,NA,0,0,4.5,1.5,3,2,1,0,0,2,0.857142857142857,0
Mycobacterium phage HarryOW,NA,JMN63_gp80,NA,DNA,linear,NC_052432,YP_009978213_80,gtgagcggggagtggttcgagaccgagtacggggcgatgcaccgctcggacaactggcagctggtcgcgaagaccaacgggtcgtacgacctgtaccagttcgagcggggtgataacccgttctggttcaagatcctgaacaccgatctggagacagcgaaggtgtacgtcgagttcgtcgagcgagaggacgtggacgcgtga,0,2,2,0,1,3,0,0,0,2,0,0,0,3,1,0,0,2,2,0,0,0,4,0,2,2,2,0,0,0,6,0,0,1.33333333333333,2,0.666666666666667,0,0,4,0,0,0,3,1,0,2,2,0,0,2,0,0,0,0,4,0,3,NA,1,NA,0,2,0,0
Mycobacterium phage HarryOW,NA,JMN63_gp81,NA,DNA,linear,NC_052432,YP_009978214_81,atgaacgagacagaactcaaagcgttcaaccagatcatcgcggcgtcgtactcgccggctgagcttcgcaagctgtaccggcggagtaacccgggcatgccgctgagcatcgagctggcgttgtcggtcggtgcgatcgtcgctggggctgcgctgatgttcctgatcacgaaagcggtggggctgtga,1.33333333333333,2,0.666666666666667,0,2,0,2,0,0,1.2,0,1.2,0,3,1,0,0,NA,2,NA,0,0,4,0,0,2,4,0,0,0.666666666666667,4,0.666666666666667,0.5,NA,1.5,NA,0,0,2.8,1.2,0,1,2,1,0,2.66666666666667,1.33333333333333,0,0,2,0,0,0,0,3.6,0,3,NA,NA,NA,0,2,0.666666666666667,0
Mycobacterium phage HarryOW,NA,JMN63_gp82,NA,DNA,linear,NC_052432,YP_009978215_82,atgaccttgagcgatgcaatagacctgatcaacgacgagcgcgtgaagtggctcctcttctgcgaagaggccgcggcccgcggcgacgagaagggctgcctagtcggcggggcacgggccagcggactggcagacgcgctggtaatcctggcgaaagtgggttcctga,0.666666666666667,2,1.33333333333333,0,0,4,0,0,0,4,0,0,1,2,1,0,NA,NA,NA,NA,NA,NA,NA,NA,0,4,2,0,0.75,1.5,3,0,0.5,1.6,1.5,0.4,1.33333333333333,1.33333333333333,1.33333333333333,0,0.666666666666667,2,0.666666666666667,0.666666666666667,1,1,2,0,0,NA,0,NA,0,2,0,0,3,2,1,0,0,2,0.75,0
Mycobacterium phage HarryOW,NA,JMN63_gp83,NA,DNA,linear,NC_052432,YP_009978216_83,ttgacacgtaacaggaggaacaccatgaccagcacacacgcgtggttctccacgctctcgaccccggagcttcagcgcatggtcacctcggtgaaccgtgtcgcggctgctgccgctgctaccgagctcgcgctgcgaggagagacccgatga,NA,2,NA,0,0.888888888888889,2.66666666666667,0.444444444444444,0,0,1.5,1.71428571428571,0,NA,NA,1,NA,0,2,2,0,0,0,4,0,1.71428571428571,0.857142857142857,0,1.71428571428571,0,2.4,1.2,1.2,0,NA,2,NA,0,0.5,1.5,2,4,0,0,0,0,2.66666666666667,1.33333333333333,0,0,NA,0,NA,0,1.5,3,0,3,NA,1,NA,0,2,1.2,0
Mycobacterium phage HarryOW,NA,JMN63_gp84,NA,DNA,linear,NC_052432,YP_009978217_84,atgaccatccacatcgcatcgcgcggacccgctggctggacagcccgagtgctgttcaccgcgggcaccgtgctcacggtcgtcgacgagcgaggccggcggcacctgatcgacacatctaagaccactacccgccgcatcgcggcttga,0,NA,2,NA,0.888888888888889,2.22222222222222,0.444444444444444,0.444444444444444,0,0,0,0,0,3,1,0,NA,2,NA,0,0,4,0,0,1.71428571428571,2.57142857142857,1.71428571428571,0,0,2,4,0,0,2,2,0,0.666666666666667,0.666666666666667,1.33333333333333,1.33333333333333,1,3,0,0,0,2,2,0,0,NA,0,NA,0,0,3,3,3,NA,1,NA,0,2,0,0
Mycobacterium phage HarryOW,NA,JMN63_gp85,NA,DNA,linear,NC_052432,YP_009978218_85,atgcggagccccggcccacaacatactttgaagtccagctctgagccgttgcacgtggctacgacgggctggcacgagcaggcaggttcgctcagccgatatcaccgcgctgaccgtgttcgattcacggctgctcacgctgacttgattcgtaaccagaaggagatgacatga,0,2,2,0,0.8,0,2.4,0.8,0,3,0,0,0,0,1,3,0.666666666666667,1.6,1.33333333333333,0.4,1.33333333333333,1.33333333333333,1.33333333333333,0,2,1,1,2,0,1.5,0,0,0,2,2,0,0.666666666666667,0,0,3.33333333333333,0,2.66666666666667,0,1.33333333333333,0,0,2,2,0,0,0,2,0,1,1,1,3,NA,1,NA,0,2,4.5,0
Mycobacterium phage HarryOW,NA,JMN63_gp86,NA,DNA,linear,NC_052432,YP_009978219_86,gtgcgctctgactaccacgtgtcccgcggacggttcgacgaccgggctgacgcggaggggttcctcgctgctctgatcgacgcggaaaacttcgaccgaaattcttttggatacccacttgactcgtaa,NA,1,NA,1,NA,NA,NA,NA,0,0,0,0,0,3,NA,0,NA,2,NA,0,4,0,0,0,1.2,2.4,2.4,0,0,2,2,2,1,2,1,0,0,0,1.6,2.4,2.66666666666667,0,1.33333333333333,0,0,0,4,0,3,2,0,0,0,1.5,1.5,3,0,NA,NA,NA,0,1.5,0,0.5
Mycobacterium phage HarryOW,NA,JMN63_gp87,NA,DNA,linear,NC_052432,YP_009978220_87,gtgcatccgctcgacccgtctggtgcgtgcctgatgctgcgccgtgaggacctgcggaaggccgccagcgaggatgtgtccgggctgagccgcgacgtgctggagttcaactaccgactgctggctaagcagtcgctcgacatggtcgaggagctcgacaggcagcacaaccgtgagactgcccagctgcgggagctgatcgacgtcggccaggtcgtcgcggcgctgctggccgcggcgcagcgcgcgggtaagaagaccgtccgcgtcgacgacgtcctcgcgcaggcgtacgagcgggtgtccggtgagcggtccgcgtga,0,2,2,0,0,2,0,2,0,1.71428571428571,0.5,0,0,3,1,0,0,1,2,1,0,0,4,0,0.5,2,2,1,0,1.6,4.4,0,0,1.77777777777778,2,0.222222222222222,0,1.14285714285714,2.57142857142857,0.285714285714286,0,0.8,0.8,2.4,0,2.54545454545455,1.45454545454545,0,0,2,0,0,0,2.57142857142857,0.857142857142857,0.857142857142857,3,2,NA,0,0,2,0,0
Mycobacterium phage HarryOW,NA,JMN63_gp88,NA,DNA,linear,NC_052432,YP_009978221_88,ttgattcgtaaccactcagagagagggcatctcatggacatcatccgcatcggagactcggtcaggttcacctcgcccgaggatggccgggagtacgtcggcaccgtgaccaagctcgggatgtccggcatcgccaccgtctggtacgcgcacgactacggcaccgagacgatcgagcagtccgagtgcatccgctcgacccgtctggtgcgtgcctga,0,2,2,0,0,3.42857142857143,0.571428571428571,0,0.75,0,0.75,0,0,2.57142857142857,1,0.428571428571429,0,1.33333333333333,2,0.666666666666667,0,4,0,0,0,1.5,0.75,2.25,0,3,1.5,0,0,1.5,2,0.5,0,2.66666666666667,1.33333333333333,0,0.571428571428571,2.28571428571429,1.14285714285714,0,0,2.4,1.6,0,0,2,0,0,1,2,3,0,3,2,1,0,0,2,1.5,0
Mycobacterium phage HarryOW,NA,JMN63_gp89,NA,DNA,linear,NC_052432,YP_009978222_89,ttgcgtcgaagaaacttgatgcgtaacctcgtggacatgaccgcggcactcatcatcatcagcttcatcccggtggtgctcgcggtgatcgcgggctacgcggtcgtcagccagccttga,NA,2,NA,0,0,4,0,0,1.5,6,0,0,0,3,1,0,0,NA,2,NA,0,0,2,2,1.5,0,0,3,0,3.6,0,0,NA,2,NA,0,0.8,0,3.2,0,0,4,0,0,0,1.33333333333333,2.66666666666667,0,0,2,0,0,0,0,0,0,3,NA,NA,NA,0,2,2.4,0
Mycobacterium phage HarryOW,NA,JMN63_gp90,NA,DNA,linear,NC_052432,YP_009978223_90,atgaacagcaccgtgaagcaggccatcgccctcggtcgcgaggccggcgtccaggttcagccctggggcggcgatgaggtccgcctcaacggcgggatgatcatgtccgcctcggacgcgatcggctggggcatccggcgggcagccgtccggtag,0,2,2,0,0,4,0,0,0,2,0,0,0,3,1,0,0,NA,2,NA,0,4,0,0,0,2.4,3.6,0,0,6,0,0,0,1,2,1,0.571428571428571,2.85714285714286,0.571428571428571,0,0,3,0.5,0.5,0,2.4,0.8,0.8,0,NA,3,NA,0,2,2,0,0,NA,1,NA,0,NA,0,NA
Mycobacterium phage HarryOW,NA,JMN63_gp91,NA,DNA,linear,NC_052432,YP_009978224_91,atgaccaccatcgcccgccgcatcgccaccggcctgttcctgctcgccgcccccgcggtcatcgccacccccggctggatcgcatcggctgatccgatctcgttcgatcagtcgtcgttcccgtgcgctgaggatgaggtgctcgggttcagccccgagttcggtcccgacaaggtcggctgcatccacgtcgacagcctccgctga,0,NA,2,NA,0,4,0,0,0,2,0,0,0,3,1,0,0,2,2,0,0,2.66666666666667,1.33333333333333,0,0,6,0,0,0,3.6,2.4,0,0,0.8,2,1.2,0.444444444444444,2.22222222222222,0.444444444444444,0.888888888888889,0,2.4,0.8,0.8,0,3,1,0,0,NA,0,NA,0,0,4,0,3,2,1,0,0,2,0,0
Mycobacterium phage HarryOW,NA,JMN63_gp92,NA,DNA,linear,NC_052432,YP_009978225_92,atgcgaggcgacgcggttacgtgtcaagcggcgagttcgagccccgatcggttacgggtcaaggcgctcgacgtcgacgctgccggccgactcttggccttccgcatcgctgacaccggctcgcggtgttcgaggctcagcgtggacgtgaggcggcgttacggggccttccgggtcgaggcatga,0,NA,2,NA,0,2,2,0,0,2,1.09090909090909,1,0,3,1,0,2,NA,0,NA,0,4,0,0,1.09090909090909,0.545454545454545,2.72727272727273,0.545454545454545,0,3.6,0,0,0,1.66666666666667,2,0.333333333333333,0.4,1.2,1.6,0.8,0,3,1,0,0,2,1.33333333333333,0.666666666666667,0,2,0,0,0,0,3,0,3,0,NA,2,1.2,2,1.2,0
Mycobacterium phage HarryOW,NA,JMN63_gp93,NA,DNA,linear,NC_052432,YP_009978226_93,atgaacaccaacctgatcaccatccccgccgccgaggtcgtggtcggcgacaccatcgtcgccggtgcaggcaccgtcctcgctcccgaggacctcgtagtccggcgcatcgagtcggatcggaccttcgtccggttcaacgggatggtggacatccaccagcggatcaacgtccgcgtcgcccggtaa,NA,2,NA,0,0,4,0,0,0,0,0,0,0,3,1,0,0,2,2,0,0,4,0,0,0,1.71428571428571,4.28571428571429,0,0,4,2,0,0,1.5,2,0.5,0.666666666666667,2.66666666666667,0,0.666666666666667,0,2,1,1,0.363636363636364,2.90909090909091,0.727272727272727,0,3,NA,0,NA,0,0,6,0,0,NA,NA,NA,0,2,0,0
Mycobacterium phage HarryOW,NA,JMN63_gp94,NA,DNA,linear,NC_052432,YP_009978227_94,gtgcccgatgcgacagcgcctcggcaccgaggatgcgccgagctcggtgctgactcgactgcggatgcgatgcggctcgggatcggcggggctccgcatcgaggggatgagctgggcttcgggatcgagctgacgttccgggatcgaagctcgcgttcgacgtcgatcggatcgatggatcggggtcgagttcgtcggatgcttcgcgccttcggggttcgatcgcgcggcggatggcggcggggatcagccttcgatggggccagccccggtgttcgaggtcgatcgcgtggttcgagggggcgattggccctctgccgcggcgagaccggtcgacgggtgcggtctatcgagaggcaggtggtcgtcgctctgcggggctgtgaggggccagcaatcggtatcggggcacgatggctcgggatgggatcaggtctcgactgcgatgcgggcatgaaaaaacccccgccgtag,2,NA,0,NA,0.8,0.8,1.6,0.8,0,0.923076923076923,0.428571428571429,0,0,3,1,0,0,1,2,1,0.5,1.5,1.5,0.5,2.14285714285714,0.642857142857143,2.14285714285714,0.642857142857143,0,3,1.8,0.6,0,0.444444444444444,2,1.55555555555556,0.533333333333333,1.33333333333333,1.33333333333333,0.8,0.689655172413793,0.827586206896552,1.37931034482759,1.10344827586207,0,1,1.5,1.5,0,NA,3,NA,0.923076923076923,0,3.69230769230769,0.461538461538462,0,1.5,1,0.5,0,2,0.6,0
