virus,realm,locus_tag,host,type,shape,accession,protein_id,coding,AAA,AAC,AAG,AAT,ACA,ACC,ACG,ACT,AGA,AGC,AGG,AGT,ATA,ATC,ATG,ATT,CAA,CAC,CAG,CAT,CCA,CCC,CCG,CCT,CGA,CGC,CGG,CGT,CTA,CTC,CTG,CTT,GAA,GAC,GAG,GAT,GCA,GCC,GCG,GCT,GGA,GGC,GGG,GGT,GTA,GTC,GTG,GTT,TAA,TAC,TAG,TAT,TCA,TCC,TCG,TCT,TGA,TGC,TGG,TGT,TTA,TTC,TTG,TTT
Tomato severe leaf curl Kalakada virus,Monodnaviria,KM482_gp1,land plants,DNA,circular,NC_055140,YP_010084535_1,atgtgggatccacttttaaatgaatttcctgaaactgttcacggattcaggtgtatgcttgctataaaatacctgcagttggtagaaaatacgtattcccctgattcgttgggatacgacctaatacgtgatttaatttccgtcgtcagggccaaaagctatgtccaagcgtccggcagatatgatcatttccgggcccgtctcgaagtatcgccgacttctgagctcaatcagcccatacagcaagcgtgctgctgtccgcattgtccgcgccacaaagggaaaggaatgggccaacaggcccatgaatcggaagcccatgttctacaggatgtacagaggtccagatgttcctag,2,0,0,2,0,0,1.33333333333333,2.66666666666667,1.33333333333333,0.6,2,0,2.25,0,1,0.75,0.666666666666667,0.666666666666667,1.33333333333333,1.33333333333333,0.571428571428571,0.571428571428571,1.71428571428571,1.14285714285714,0,0.666666666666667,0.666666666666667,1.33333333333333,1.09090909090909,1.09090909090909,0.545454545454545,1.09090909090909,1.71428571428571,0.333333333333333,0.285714285714286,1.66666666666667,0,2.28571428571429,1.14285714285714,0.571428571428571,2,1.33333333333333,0.666666666666667,0,1.5,1.5,0,1,0,0.8,3,1.2,0,3,1.8,0.6,0,0.666666666666667,1,1.33333333333333,1.09090909090909,1.33333333333333,1.09090909090909,0.666666666666667
Tomato severe leaf curl Kalakada virus,Monodnaviria,KM482_gp2,land plants,DNA,circular,NC_055140,YP_010084536_2,atgtccaagcgtccggcagatatgatcatttccgggcccgtctcgaagtatcgccgacttctgagctcaatcagcccatacagcaagcgtgctgctgtccgcattgtccgcgccacaaagggaaaggaatgggccaacaggcccatgaatcggaagcccatgttctacaggatgtacagaggtccagatgttcctagaggctgtgagggtccatgtaaggtccagtcttttgagtcaagacacgatgtagttcatatagggaaggtcatgtgtattagtgatgtgactcgtggtatggggctgacccatcgagtgggtaagcgattttgcgttaagtctgtatacgttgtgggtaagatatggatggatgagaatatcaagactaagaatcacacgaatagtgtgatgttcttccttgtacgtgatcgtcgtccaaatgataaaccacaagattttggagaggtgttcaacatgtttgacaatgagcctagcactgcaactgtaaagaatatgcatagggatcgttatcaggttttgaggaaatggcacgcaactgttaccggtggacagtatgcttcgaaggaacaggcattagttaagaagttcgttagggttaacaattatgttgtgtataaccagcaggaagctgggaaatatgaaaatcattctgagaatgctctgatgttgtacatggcatgtacccatgcctctaatcctgtgtatgctactttgaagatacggatctacttctatgattcagtatcgaattaa,0.285714285714286,0.5,1.71428571428571,1.5,0.363636363636364,1.09090909090909,0.363636363636364,2.18181818181818,0.782608695652174,1.33333333333333,1.30434782608696,0.666666666666667,0.9,1.2,1,0.9,0.285714285714286,0.75,1.71428571428571,1.25,1.66666666666667,1,0.333333333333333,1,0.782608695652174,0.782608695652174,0.521739130434783,1.82608695652174,0,0,2,1.33333333333333,0.8,0.181818181818182,1.2,1.81818181818182,1.42857142857143,0.857142857142857,0,1.71428571428571,0.857142857142857,0.285714285714286,1.14285714285714,1.71428571428571,0.740740740740741,0.740740740740741,1.03703703703704,1.48148148148148,3,0.857142857142857,0,1.14285714285714,1,0.666666666666667,1,1.33333333333333,0,0.4,1,1.6,0.666666666666667,1.2,2,0.8
Tomato severe leaf curl Kalakada virus,Monodnaviria,KM482_gp3,land plants,DNA,circular,NC_055140,YP_010084537_3,atggattcacgcacaggggaacccatcactgcagctcaagcagagaatggcgtgtttatctgggaaattcaaaatcccctgtttttcaagataacagagcaccacaaccaggcctttctgagaaaccacgacatcctcaccgtccagatacagttcaatcaccacctgcggaaaactttggagatacacaaatgttccctaaccttccgaatctggacgacttcacagcctctgactggtcatttcttaagggtcttcaaaacccaggtgcttaagttattaaataattttgctgtaattagaattaataatgtaatcagagcagttgaacatgtattatggaacgtattacaacacactgtacatgtacaacagtcgtattcaataaaattcaatctttattaa,1.33333333333333,0.545454545454545,0.666666666666667,1.45454545454545,0.727272727272727,1.09090909090909,0.363636363636364,1.81818181818182,2.57142857142857,0,0.857142857142857,0,1,1.25,1,0.75,0.8,1.4,1.2,0.6,0,2.66666666666667,0,1.33333333333333,0.857142857142857,0.857142857142857,0.857142857142857,0,0.428571428571429,0.428571428571429,1.71428571428571,0.857142857142857,1,1,1,1,2,0.666666666666667,0,1.33333333333333,0,1.33333333333333,1.33333333333333,1.33333333333333,2.18181818181818,0.727272727272727,0.727272727272727,0.363636363636364,3,0,0,2,3.6,1.2,1.2,0,0,0,1,2,2.14285714285714,1.2,0.428571428571429,0.8
Tomato severe leaf curl Kalakada virus,Monodnaviria,KM482_gp4,land plants,DNA,circular,NC_055140,YP_010084538_4,atgcgaccttcatcaccctccaaggcccactctactcaggttccaatcaaagtgcagcacaggctggccaagaaggggaccaggcgtcgtcgcgttgacctcgactgcggctgctcatatttcatcgcattacgctgccacggctatggattcacgcacaggggaacccatcactgcagctcaagcagagaatggcgtgtttatctgggaaattcaaaatcccctgtttttcaagataacagagcaccacaaccaggcctttctgagaaaccacgacatcctcaccgtccagatacagttcaatcaccacctgcggaaaactttggagatacacaaatgttccctaaccttccgaatctggacgacttcacagcctctgactggtcatttcttaagggtcttcaaaacccaggtgcttaa,0.857142857142857,1.33333333333333,1.14285714285714,0.666666666666667,1.71428571428571,1.14285714285714,0.571428571428571,0.571428571428571,0.923076923076923,0.857142857142857,1.38461538461538,0,0,3,1,0,1.42857142857143,1.5,0.571428571428571,0.5,2,0.285714285714286,0.285714285714286,1.42857142857143,0.923076923076923,0.923076923076923,0,1.84615384615385,0,0.666666666666667,2,2.66666666666667,1.33333333333333,1.25,0.666666666666667,0.75,1.14285714285714,1.71428571428571,0.571428571428571,0.571428571428571,1.6,1.2,0.4,0.8,0,0,0.666666666666667,3.33333333333333,3,0,0,2,3,0.857142857142857,0,1.28571428571429,0,2,1,0,0.666666666666667,1.14285714285714,0,0.857142857142857
Tomato severe leaf curl Kalakada virus,Monodnaviria,KM482_gp5,land plants,DNA,circular,NC_055140,YP_010084539_5,atgcctcggacacatcagttccaagttaaagcaaaaaacatcttccttacttatccaaaatgcccaatacccaaagagcaaatgctcgaactccttaaaaatatttcttgcccgtctgataaattatttatcagagtgtgcagagagcttcaccaagatgggtctctgcatatccatgccctcatccaattcaaaggaaaatcccagtgcagaaacaacagacatttcgatgtggtttccccaactacatcagcacatttccacccaaacattcagggagctaagtccagctcagatgtcaaggtctacgtcgagaaggacggtgattacatcgactggggtcagtttcagatcgatggacgatctgctcgaggaggtcaacagacaactaatgatgctgcagcagaggcgctcaatgcaggttcagcggaagcagctctcaaagtattaagggaaaaactccccaaagattttatttttcaataccataatttaaaatgtaatttagataggatttttacacctccaatggaggtttatgtttctcctttttcttcttcttcatttgatcaagttccagaagaacttgaggagtgggctgccgacaacgtcgttagtgccgctgcgcggcctataaggcccataagtatagtgattgagggtgacagtagaacggggaaaacaatgtgggctaggtcattgggtccacataactacctatgtggtcacctagaccttagccctaaggtgtacagcaatgatgcatggtataacgtcattgatgacgttgatccgcattatctaaagcactttaaagaattcatgggggcccaaagggactggcaatcaaatacaaaatacggaaagccagttcaaattaaaggtggaattcccgctatcttcctctgcaatccaggacccaattcaagctataaagagttcttggatgaagagaaacattccgcactaaagaattgggctttaaagaatgcgaccttcatcaccctccaaggcccactctactcaggttccaatcaaagtgcagcacaggctggccaagaaggggaccaggcgtcgtcgcgttga,1.38461538461538,0.736842105263158,0.615384615384615,1.26315789473684,2,0.666666666666667,0.333333333333333,1,2,0.774193548387097,2,0.774193548387097,0.6,1.2,1,1.2,1.23809523809524,0.615384615384615,0.761904761904762,1.38461538461538,1.81818181818182,0.909090909090909,0.363636363636364,0.909090909090909,0.8,0,0.8,0.4,0.923076923076923,2.07692307692308,0.230769230769231,1.15384615384615,0.888888888888889,0.727272727272727,1.11111111111111,1.27272727272727,1.37931034482759,0.551724137931034,0.689655172413793,1.37931034482759,1.27272727272727,0.363636363636364,0.727272727272727,1.63636363636364,0.222222222222222,1.11111111111111,0.888888888888889,1.77777777777778,0,1.16666666666667,0,0.833333333333333,1.54838709677419,0.967741935483871,0.387096774193548,1.54838709677419,3,1.42857142857143,1,0.571428571428571,1.15384615384615,1.05882352941176,0.461538461538462,0.941176470588235
Tomato severe leaf curl Kalakada virus,Monodnaviria,KM482_gp6,land plants,DNA,circular,NC_055140,YP_010084540_6,atgggtctctgcatatccatgccctcatccaattcaaaggaaaatcccagtgcagaaacaacagacatttcgatgtggtttccccaactacatcagcacatttccacccaaacattcagggagctaagtccagctcagatgtcaaggtctacgtcgagaaggacggtgattacatcgactggggtcagtttcagatcgatggacgatctgctcgaggaggtcaacagacaactaatgatgctgcagcagaggcgctcaatgcaggttcagcggaagcagctctcaaagtattaa,0,0.666666666666667,2,1.33333333333333,2,0.5,1,0.5,2,0,2.66666666666667,1.125,0.75,0,1,2.25,0.6,1,1.4,1,1,3,0,0,0,0.666666666666667,0.666666666666667,0,2.25,2.25,1.5,0,0.8,1.33333333333333,1.2,0.666666666666667,2,0,0,2,0,0,2,2,0,2,1,1,3,0,0,2,1.875,1.125,1.5,0.375,0,2,1,0,0,1.33333333333333,0,0.666666666666667
