virus,realm,locus_tag,host,accession,protein_id,coding,AAA,AAC,AAG,AAT,ACA,ACC,ACG,ACT,AGA,AGC,AGG,AGT,ATA,ATC,ATG,ATT,CAA,CAC,CAG,CAT,CCA,CCC,CCG,CCT,CGA,CGC,CGG,CGT,CTA,CTC,CTG,CTT,GAA,GAC,GAG,GAT,GCA,GCC,GCG,GCT,GGA,GGC,GGG,GGT,GTA,GTC,GTG,GTT,TAA,TAC,TAG,TAT,TCA,TCC,TCG,TCT,TGA,TGC,TGG,TGT,TTA,TTC,TTG,TTT
Black medic leaf roll virus,Monodnaviria,AA78_sCgp1,land plants,NC_023300,YP_008997798_1,atgggtttgagatatttttctgttctgccggaagaattgaaggagaagattgttcgagagcatatgagagaagagaggaagactgagttcttagagaaggctattgaagatagctgtagaagatatgaagcgtttataacagaagatccgtcatatgaggatcttctttctctgagtaagtttttagattcattagttaattacgttggtgataaattgaacacaaggtgtttaattaaatggaagaaagatgtcccagtcaaggttaagtatggagttatggaagaacaacatattcagctctatggtcctttagacatggaggatatgttatgtggtgagttgttgctacccgaagaagatgaagatgatattacatatgaagatggtatgatagttcattgcagtcagttagatagattatttagtgatttaggaattaatgtaacttatattactgtaagtaataaatgtatttgtactcctttgaacaaggaggttgtaattgtatga,0.615384615384615,0.8,1.38461538461538,1.2,1.71428571428571,0,0,2.28571428571429,3.75,0.666666666666667,1.5,2.66666666666667,0.545454545454545,0,1,2.45454545454545,0.666666666666667,0,1.33333333333333,2,0.666666666666667,0.666666666666667,1.33333333333333,1.33333333333333,0.75,0,0,0,0.285714285714286,0.285714285714286,0.571428571428571,0.571428571428571,1.14285714285714,0.142857142857143,0.857142857142857,1.85714285714286,0,0,2,2,1.14285714285714,0,0,2.85714285714286,1.14285714285714,0.571428571428571,0,2.28571428571429,0,0.25,0,1.75,1.33333333333333,0,0,1.33333333333333,3,0.333333333333333,1,1.66666666666667,2.57142857142857,0.4,1.71428571428571,1.6
Black medic leaf roll virus,Monodnaviria,AA78_sMgp1,land plants,NC_023305,YP_008997803_2,atgggcgatgttgctcaaggttatgatggaagttattatccggatgatggaggaggaaagacgaccagttatcaagtattgaagattataggtatcgtatgtttaatattagtttgtatttgtgccatatgggtttgtataatgttagcttgttatattcctgggttcgttaagagaacattagatgcatggttgaattcttcttcaatcatgaagaggagattagctgctactatcacaagaacaccttatgaagagactggtccagaaagagaaagaagatgggcttcaagaagaccagctcaagctgataatggtgttctaaacaacaatactgcatctgggtttagttaa,0,0.8,2,1.2,1.5,0.5,0.5,1.5,5.33333333333333,0,0.666666666666667,2.25,1.2,0.9,1,0.9,2,NA,0,NA,1.6,0,0.8,1.6,0,0,0,0,0.75,0,0,0,1.5,0,0.5,2,0.8,0.4,0,2.8,1.45454545454545,0.363636363636364,0.727272727272727,1.45454545454545,1.14285714285714,0,0,2.85714285714286,3,0,0,2,1.5,0,0,2.25,0,0,1,2,3.75,1,1.5,1
Black medic leaf roll virus,Monodnaviria,AA78_sNgp1,land plants,NC_023301,YP_008997799_3,atggctgaatggttttctagtcctgtcaaaacatgtacccatgtttgtgatttcccttctctctcttctgtcaccgagcaacaaatacgatgctgtgatacaatgaaggataagttgagagattcaagaagagtgttgctcgtcagttgcagtgtgagcttcaatggtagtttctatggaggtaacagaaatgttcgtggtcaactgcaaatctcaatggaagaagacgatggtgttcttagaccgattggatttattccaatcggtggatacttatatcacaatgattatggttattatgaaggtgagaaaacatttaacttagatgttgaatcccagtatttgaaggcagatgaagattacagtaaattgtttgttgtatccattttaaatgaaaatggattagatgatagatgtgatcttaaggtttttgttgttcatacacttagaatcaaggtgtaa,0.75,0.571428571428571,1.25,1.42857142857143,2.66666666666667,1.33333333333333,0,0,4.66666666666667,0.428571428571429,0,2.14285714285714,0.428571428571429,1.28571428571429,1,1.28571428571429,1.6,0.666666666666667,0.4,1.33333333333333,1,0,1,2,0.666666666666667,0,0,0.666666666666667,0,0.857142857142857,0.428571428571429,1.28571428571429,1.55555555555556,0.153846153846154,0.444444444444444,1.84615384615385,2,0,0,2,1.45454545454545,0,0,2.54545454545455,0.266666666666667,0.8,0.8,2.13333333333333,3,0.5,0,1.5,0.857142857142857,0.857142857142857,0,1.71428571428571,0,0.666666666666667,1,1.33333333333333,1.71428571428571,0.75,1.71428571428571,1.25
Black medic leaf roll virus,Monodnaviria,AA78_sRgp1,land plants,NC_023299,YP_008997797_4,atggctcgtcaagttatatgttggtgtttcacattaaataatccttcctcccctctctctcttcatgagtccatgaagtaccttgtctatcaactagaacaaggtgatactggaaatttacatttccagggatacatagaaatgaagaagagaacatcacttgctggaatgaagagactcattccaggtgctcactttgaaaagagaagaggtacacaaggagaagcacgttcctatgccatgaaggttgattcaagagtagaaggtccttgggagtatggagagtttgtcttaaccattgaagacaaactaagagaggttatggtagacatgaagaggacgggtaagcgtcctatagagtacatagaagattgttgtaacacatatgataagtctgctagtacgttgagagagttcagaggagagttgaagaaacagaaggcaattgctacttgggagttgcagaggaagccatggatggatgaagtagatgctttgcttcaggagagagaaggaagaagaatcatttgggtttatggcccacaaggtggagaagggaaaacctcttacgctaagcatcttgtaaagacgcgtgatgctttttacacgacaggtggaaagacagccgacattgcttttgcatgggaccaccaagagttagtgctgttcgactttcctcgaagcttcgaggagtatgttaattatggtgtaatagagcaattaaagaatggaataattcagtcaggaaaatatcaaagtgtaattaagtacacagattatgtagaagttattgtatttgctaattttactccgcgaagcggtatgtttagtgatgataggattgtatttgtatatgcgtga,0.380952380952381,0.285714285714286,1.61904761904762,1.71428571428571,1.75,0.5,1,0.75,3.3,0.8,0.9,1.2,1.125,0.1875,1,1.6875,1.23076923076923,0.8,0.769230769230769,1.2,1.33333333333333,0,0.444444444444444,2.22222222222222,0.6,0,0,1.2,0.631578947368421,0.631578947368421,0.315789473684211,1.57894736842105,0.916666666666667,0.666666666666667,1.08333333333333,1.33333333333333,0.75,0.5,0.25,2.5,2,0.181818181818182,0.181818181818182,1.63636363636364,2.10526315789474,0.421052631578947,0.210526315789474,1.26315789473684,0,0.75,0,1.25,1.2,1.6,0,1.2,3,0,1,2,1.57894736842105,0.714285714285714,1.26315789473684,1.28571428571429
Black medic leaf roll virus,Monodnaviria,AA78_sSgp1,land plants,NC_023304,YP_008997802_5,atggtgagaacaaattggcctatgaggagaagagctgttggtaagaggtcgagtcgtcgaggttatggaaggttctatcctaatactccgaccagtcgagtattgtatcattcttctgctgtcttgcagaaggattcgattacaggcacagaaataaagcctgatggtgaagtcggaagatacaacatgaagaggattatgctaacttgcactgtgaagatacctccaggtgaattaatgaattttcttgtcgttaagagcagttcaccattggtgaactgggctaatctattcacaacacctgctctgttagtgaaagagtctgctcaagatatggtatctatcatagccaaaggaaagattgaatcaagtggagctggtgtatcggaagtaactaagtcttttaataaatttgttaaattaggttcaggtgttagtcagactcaacatgtgtacattataatgtatacaagtgcttctgctaaggttgtattagaacatagaatgtacattgaagtgtaa,0.615384615384615,0.571428571428571,1.38461538461538,1.42857142857143,2,0.333333333333333,0,1.66666666666667,2.5,0.315789473684211,2,1.89473684210526,1.2,0.3,1,1.5,1,0,1,2,1,0,0.5,2.5,1,0,0,0.5,1.09090909090909,0,0.545454545454545,0.545454545454545,1.75,0,0.25,2,0,0.444444444444444,0,3.55555555555556,1.33333333333333,0.333333333333333,0,2.33333333333333,1.05263157894737,0.631578947368421,1.26315789473684,1.05263157894737,3,0.857142857142857,0,1.14285714285714,0.947368421052632,0,0.947368421052632,1.89473684210526,0,2,1,0,2.18181818181818,0.8,1.63636363636364,1.2
Black medic leaf roll virus,Monodnaviria,AA78_sU1gp1,land plants,NC_023306,YP_008997804_6,atggtttatgaagatgagaggttatttggtgtctctgagttacgtgatgaagctacagatgagatcatatctcatgttaagaagagtgaaggtgttatatgcgatgaagataatattcaggtaatgaatattaaggttgaagatttacatattgatatgtttgataaggttagattcagtgtcaggattcgattgaaccacaagttcaagaagcagttgaagattgtgttgctgggttgttatgtgaagatcattacgcatttaaaaactacttctgaacgatcagtcagaagtttattacagaagagattaagtggtatatgtaagagtaattatgtaattagtattaaaatgttttatataaacattattcagttgcttaacacatgtaaatggattaattacattgaggatgttcatcctatatgtactttgtatcacggagtagatgatgtgtccaatcatgtacttgactaa,0.428571428571429,0.75,1.57142857142857,1.25,1.33333333333333,0,0.666666666666667,2,2.25,0,1.5,3.27272727272727,0.789473684210526,0.315789473684211,1,1.89473684210526,0,0.571428571428571,2,1.42857142857143,0,0,0,4,1.5,0,0,0.75,0,0,0.4,0.8,1.2,0.166666666666667,0.8,1.83333333333333,0,0,0,4,0.8,0,0,3.2,1,0.75,0.75,1.5,3,0.333333333333333,0,1.66666666666667,0.545454545454545,0.545454545454545,0,1.63636363636364,0,0.4,1,1.6,2.8,0.8,2,1.2
Black medic leaf roll virus,Monodnaviria,AA78_sU2gp1,land plants,NC_023307,YP_008997805_7,atggtttctgagagtattcaaatgttatctcgttcagagatagctaaattaaaagaagaacaagatgtgttctgggattcatatcattcatatcttcgttccaatgaagatatgcttggtcagttctgcagacgccatggaagaaggctcaaagcgtatcccaagatacccagttatgccccagcaaggtgggttcttaaatacaagactgtgtatgatgttagagtagaagattgtaaatcttgtttatctgagcaagagcgtagattagttagtaatggtagcgttagagaaggattaagtgatttatatgattatggtaattataggtatcaggtgtattattcagctcccagctgtaataaaacataa,1.5,0,0.5,2,2,0,0,2,2.5,0.8,1.5,1.6,2,0,1,1,1.2,0,0.8,2,1,3,0,0,0,0.5,0,1.5,0,0.6,0,1.8,1.11111111111111,0,0.888888888888889,2,0.8,0.8,0.8,1.6,1.6,0,0,2.4,0.444444444444444,0,1.33333333333333,2.22222222222222,3,0.166666666666667,0,1.83333333333333,1.6,0.4,0,1.6,0,0.5,1,1.5,3.6,2,0,0
Black medic leaf roll virus,Monodnaviria,AA78_sU4gp1,land plants,NC_023302,YP_008997800_8,atggaacggatgttcattctttttcttcttctcatcgttgttttactgaatccttttcagttaataattatgcttatgggatttcttgtgggtagttatattaggaataattactcaagattgaagatgttgagatggtctggtaagaagaaagaagaagaagacaaggaagatgaaggagattcaataacccaggtgaagaatccgtttgatgtagttgatgaagatgttgttagttacttgaataaattgggtttgaatatgaagattgaagacgatgaccttgagtatcttcaaggaatatgggattctatcagatgtaagaagtaa,0.4,0,1.6,2,0,4,0,0,3.6,0,1.2,2,1,0.666666666666667,1,1.33333333333333,0.666666666666667,NA,1.33333333333333,NA,0,0,2,2,0,0,1.2,0,0,0.375,0.375,2.625,1.77777777777778,0.6,0.222222222222222,1.4,NA,NA,NA,NA,2,0,0,2,0.5,0,1,2.5,3,1,0,1,2,0,0,2,0,0,1,2,0.75,0.4,1.875,1.6
