virus,realm,locus_tag,host,accession,protein_id,coding,AAA,AAC,AAG,AAT,ACA,ACC,ACG,ACT,AGA,AGC,AGG,AGT,ATA,ATC,ATG,ATT,CAA,CAC,CAG,CAT,CCA,CCC,CCG,CCT,CGA,CGC,CGG,CGT,CTA,CTC,CTG,CTT,GAA,GAC,GAG,GAT,GCA,GCC,GCG,GCT,GGA,GGC,GGG,GGT,GTA,GTC,GTG,GTT,TAA,TAC,TAG,TAT,TCA,TCC,TCG,TCT,TGA,TGC,TGG,TGT,TTA,TTC,TTG,TTT
Erethizon dorsatum papillomavirus 2,Monodnaviria,EXJ33_gp1,vertebrates,NC_040580,YP_009552047_1,atggattttccagacagcatacaggagcttgcggcattttaccaagcagatccagaagatatctatcttctatgcctcggctgtaaaaacgaactatctgcagaagaacttcatgtttttgatgctaaagagtttagagttttatggcgccgaggatgcccttttggattttgcaatagctgcattggaattctggcgttgcatgatttttgcttacatagggagtgcactttggagggcgatggtgtagaaaagctgaccggccaatcgcttgtgacactacaggtgcgttgcttaaactgcttaggtgctttaactgctactgaaaagcttgtttgtgcaaagcttggtgtgccttttagccgtgtaagagaacagtggagagggtactgcagaaagtgctatgaaggggtttccgttggatatcgtattagagcttaa,0.666666666666667,1.33333333333333,1.33333333333333,0.666666666666667,0.8,0.8,0,2.4,2.72727272727273,3,0.545454545454545,0,0.6,0.6,1,1.8,0.8,0,1.2,2,2,0,0,2,0.545454545454545,0.545454545454545,0,1.63636363636364,0.947368421052632,0.315789473684211,0.631578947368421,1.89473684210526,1.33333333333333,0.285714285714286,0.666666666666667,1.71428571428571,1.6,0,0.8,1.6,1.33333333333333,1,0.666666666666667,1,0.8,0,1.2,2,3,0.8,0,1.2,0,1,1,1,0,1.66666666666667,1,0.333333333333333,1.57894736842105,0,0.631578947368421,2
Erethizon dorsatum papillomavirus 2,Monodnaviria,EXJ33_gp2,vertebrates,NC_040580,YP_009552048_2,atgaaggggtttccgttggatatcgtattagagcttaatacccttaaaggggaggtacctaacaaccagtcggacgacggcagcttgtcaccagatagttccggagaggaggagccatgcctcaatttaagtcctcatgaagtccaaaccatctgctggctctgccactgcaggctaaggcttgtagtggtaacaagcaggaattctcttctgcagctgcactgtctcttgttacaagatctacatctccagtgtgctggttgcaccttaaaccatggataa,1,1,1,1,1,3,0,0,0,1.5,6,1.5,0,3,1,0,0.8,0.8,1.2,1.2,1.6,0,0.8,1.6,0,0,0,0,0.631578947368421,1.26315789473684,0.631578947368421,1.26315789473684,0.333333333333333,0.8,1.66666666666667,1.2,0,0,0,4,1.33333333333333,0.666666666666667,1.33333333333333,0.666666666666667,2.66666666666667,0.666666666666667,0.666666666666667,0,3,NA,0,NA,0.75,0.75,0.75,0.75,0,1.42857142857143,1,0.571428571428571,1.26315789473684,0,0.947368421052632,2
Erethizon dorsatum papillomavirus 2,Monodnaviria,EXJ33_gp3,vertebrates,NC_040580,YP_009552049_3,atggataaaggtactgatatgtccagggaggagggaggggattggtttattgtacacgaagcagactgcacagatgatgagacgttagaaagtttatttgatgatgatacacaagagtcttttgtgtccgatttactagaagaagatcaggtagatcaagggaattccttagagttattcaatgggcagatgttagaggatgatatcagggaagtgcaacagttgaaacgaaagtacctgggcagtcccgaaagcgtggtagaaaagttgagccctaggctagcagcagtttctatatcacctaacaactcccagaaaagcaagagacgcctatttgacagtggcataggaaaagatgcggagactcctcaggaagtgcctaatgacataggacatgctgaaactacttctccagaagtggaggtagagtgcctgacagataatgcaaataatagtaatgttctgtatctagatctgctaaaaagtagtaatagatatgcaactgcattgtgtaaatttcgtgactgttttgatgtaagctttactgatttaactagaaattttaaaagtgacaagacatgtggtcaaagctgggtagtagcagcatttggatgtaacctacagcttgtagaaagctcaaaaacccttctacagagccattgtgagtatatacaagtacaaacaaattggaatcagggtttaatagcattttatttgttacaattcaaagctagtaaaaatagagaaactgttcttaaacaatttacgacactgctgaatgctcaagagattcaattaatggctcaaccaccaaagcatcgcagtgtggcagtttgtctatacttttggaaaaaaggtataagtagtatcacgtatacttatggtgagctaccagaatggatagcaaagcaaactatggtctcacatcaattagcaaatgcggagacatttgagctttcaaaaatggtgcagtgggcctatgataataattatttagacgaatcagaaatcgcctattactatgcacaatatgctgatgaggatgcaaatgcagcagcatggctacgccacaataaccaagctaaatttgtgaaagactgtgcagttatggctagattatataaaagacaagagcaaagggaatgtagtatctcacaatggataaccaaatgctgtactgagacaaaaggtgaggaagagagctggcatgtaataggccaatttctcaaatatcagcaagtaaatatggtagtgtttttaacacagctacgaaaaatgttacaaggcactccaaaaaaacacgtattagtagtacatggccctccagatactggaaaatcatacttttgtagttcgttagtaaggtttatgcagggaaaagtagtttcattcatgaatgccaaaagtcacttctggctgcagccgctagtggacgccaaacttggatttttagatgatgctacacatcaaacatggcgattctttgatagctatatgagaaacgccttagatggtaactatatcagtgtagatttaaagcacaaagcaccgcttcagctaaagcttccacctatgcttattactactaacgttgatgtgcagcatgatgaatcatatttctatttgcacagcagacttatgtttatgcattttcctaacaaaatgcctcttgatgcatatggagagccaaaaattcagctaactaacaatgtttggaaatgtttttttggaagactcagaaaacagttaggattggaagacgaggaggatgcagactctggaggggcgctacaacttactgcaagaacaactactgaatttgtttga,1.6,0.6,0.4,1.4,1.33333333333333,0.222222222222222,0.333333333333333,2.11111111111111,2.8695652173913,1.3953488372093,1.30434782608696,2.09302325581395,1.5,0.833333333333333,1,0.666666666666667,1.15,0.8,0.85,1.2,1.68421052631579,0.210526315789474,0.421052631578947,1.68421052631579,0.782608695652174,0.782608695652174,0,0.260869565217391,1.45161290322581,0.193548387096774,0.67741935483871,1.06451612903226,0.952380952380952,0.48780487804878,1.04761904761905,1.51219512195122,2.31578947368421,0.526315789473684,0.315789473684211,0.842105263157895,1.62962962962963,0.740740740740741,0.592592592592593,1.03703703703704,1.84615384615385,0.102564102564103,1.12820512820513,0.923076923076923,0,0.363636363636364,0,1.63636363636364,1.25581395348837,0.558139534883721,0.13953488372093,0.558139534883721,3,0.428571428571429,1,1.57142857142857,2.03225806451613,0.387096774193548,0.580645161290323,1.61290322580645
Erethizon dorsatum papillomavirus 2,Monodnaviria,EXJ33_gp4,vertebrates,NC_040580,YP_009552050_4,atgcagactctggaggggcgctacaacttactgcaagaacaactactgaatttgtttgagaagggcagcagtgagctagaagaccagatacagtactgggacctgcaaagacaggaacaaatactcttacactatgccagaaaacagggcagaagccatattggaatggttactgtgccagcacttagcacatctgaatacaatgctaaggtggccataaaagtaggcctacttctaaaatctttggccaaaagcagatatgggagagaaccatggagtatgcaggaaacaagcagcgaattagtgctagatacaaaaccaaaagggctgtttaagaaagaagggacacatgttgatgtgtggtatgataaagatccagaaaatggagcgcagtatgtattgtggaagtatttatataaagacacagagtatgggtgggtaaagttaaaatcgcatgtagattatcatggtatatattataaggatgagacagatgaaaaaatatattatacaagttttgacgaggacggtgtcagatattccacaacaggaacatggattgtacattttcaaaatgatactatttcctctagccgtgaggaacgggatagatccgaaaccaccggatccgctgggacagagaccagtcggagcgagcggccaccgcccccacgctccagaggatcagcaggaggaggcggaggagagcgacgacgaagatccatagaacaagcacctaacccgacggaagtgggacagcggcgaacgtcagttcctaagcataatctttctagattgaaaagattaaacttagaagcgcgggaccctcctgttctaattctgaaaggtcaagctaatgctttgaaatgctggcgccataggcaaaaatgcaaaagggaaaagcttttcgtagatattagtaccacctttgcgtggtcgggttgcggggtgggggtgggggcgggggctggggctcgcaagaacaggcaaattaatagccgtcttctagttgcttttgcagatagtacacatagagatttatttttaaaaaagattcctattccaaaaggatgcacgtacgattacggtaatttgagtagtttatga,1.28571428571429,0.666666666666667,0.714285714285714,1.33333333333333,2.08695652173913,0.869565217391304,0.521739130434783,0.521739130434783,2.4,1.74193548387097,0.6,1.54838709677419,1.28571428571429,0,1,1.71428571428571,1.05882352941176,0.222222222222222,0.941176470588235,1.77777777777778,1.86666666666667,0.266666666666667,0.533333333333333,1.33333333333333,0.8,0.8,1,0.4,1.2,0.171428571428571,1.02857142857143,0.857142857142857,1.23076923076923,0.631578947368421,0.769230769230769,1.36842105263158,0.888888888888889,0.666666666666667,0.888888888888889,1.55555555555556,1.41935483870968,0.516129032258065,1.41935483870968,0.645161290322581,1.26315789473684,0.210526315789474,1.47368421052632,1.05263157894737,0,0.555555555555556,0,1.44444444444444,0.387096774193548,1.16129032258065,0.387096774193548,0.774193548387097,3,2,1,0,1.71428571428571,0.25,1.02857142857143,1.75
Erethizon dorsatum papillomavirus 2,Monodnaviria,EXJ33_gp5,vertebrates,NC_040580,YP_009552051_5,atggtatatattataaggatgagacagatgaaaaaatatattatacaagttttgacgaggacggtgtcagatattccacaacaggaacatggattgtacattttcaaaatgatactatttcctctagccgtgaggaacgggatagatccgaaaccaccggatccgctgggacagagaccagtcggagcgagcggccaccgcccccacgctccagaggatcagcaggaggaggcggaggagagcgacgacgaagatccatag,2,2,0,0,0,0,4,0,2,4,3,0,1.5,0,1,1.5,0.571428571428571,1.33333333333333,1.42857142857143,0.666666666666667,2,0.4,1.2,0.4,0,1,0,0,2.4,0,1.2,0,0.571428571428571,0.571428571428571,1.42857142857143,1.42857142857143,0,1,2,1,2.4,0.8,0.8,0,0.8,0.8,1.6,0.8,0,0.666666666666667,3,1.33333333333333,2,0,0,0,0,NA,NA,NA,0,1,2.4,1
Erethizon dorsatum papillomavirus 2,Monodnaviria,EXJ33_gp6,vertebrates,NC_040580,YP_009552052_6,atggtagccgtaaagaggcgacggctgaagcgggactcacctgagaatatctataggcagtgccagataagtggtaattgcccaccagatgtgaaaaataaaattgaacagaacacacttgctgatagaattttaaaatggctaagcagcatcatctacctaggaggtttagggattggaacaggccggggcactgggggctcccgtggatatggtcctataaatcccgggggcagggtcactggaacaggggaggtagtacatcctgctattcctgtggatcctataggccctactgatataatacctgtagaccctaactcttcctctatagtaccccttttggagggtggtcctactggagacgtgcctgatatattaccgggtccatcgggtggagaggtgacctcaggtttagatttcgctagtgtggacgtcaccacatctgtggagacgatagctgaaatagctcctacagtagatgtaactgtgcaaggagcaggagaggacaccggcgctactgtagtcaggccaagtactagtaggggagctacatctacttttttcaaccctgcctacgtgagttctattcaaccgcctgctatagcaggtgaggtaggcggtgagatctccggattagatgttactgacctatcaggctttacagcggctacctttgacagagcaggattgcaagaggagattgagttaatggacattgttgacctagaaggagagggagtatttgatatttttgaaccgccctctactagtacacctcgcaattccttgcaacggttaatagggagggccagacagctttataacagacgcattcggcagcagccagtcaggaatcctctattcatacagcgccctcagcaattggttacttttgaatatgaaaatcccgccttttctgacccagaagtgacgatgatttttgagcgggatgtggctgaggtccagatcccgccagattttgattttcttgacgtagcacgtttaggacgtccatatttgtctgaaactgctgacagaactgttcgtgtaagcagattagggcagcgatctagtttacaaacacgtcaaggcacggttgttggggaacgcgtacattattattatgatctttccccaattgctgctgttgaatcctcttctgaaagtatagaattaaacactttatctgcagcaccaatacaggagggtactgtggatacatctatagataacagttccgctctactactggacgtttttgaagaggactttagtaacagtagattgcacataccattatacgcaggcacgaggaattataatgtccttgagataccacttgtaaacaggccatctttacctttattagatgacagtggcatttggcatttatcaggtgcacccgcaggaatggctgtgcagtcctcttctgagggtgacaccactttggtcacagtgccttttacatctgttgactattatctacaccctagtttagtgaaacggaggaggcgacgacggagaccttttggtgactttttttaa,1.33333333333333,0.941176470588235,0.666666666666667,1.05882352941176,1.2972972972973,0.540540540540541,0.432432432432432,1.72972972972973,1.2,0.391304347826087,1.65,1.69565217391304,1.5,0.441176470588235,1,1.05882352941176,0.736842105263158,0.8,1.26315789473684,1.2,1.23809523809524,0.476190476190476,0.380952380952381,1.9047619047619,0.6,0.6,1.2,0.75,1.14285714285714,0,0.285714285714286,1,0.838709677419355,1.05882352941176,1.16129032258065,0.941176470588235,1.24137931034483,0.551724137931034,0.137931034482759,2.06896551724138,1.27659574468085,0.936170212765957,0.595744680851064,1.19148936170213,1.33333333333333,0.622222222222222,1.24444444444444,0.8,3,0.428571428571429,0,1.57142857142857,0.521739130434783,1.04347826086957,0.130434782608696,2.21739130434783,0,2,1,0,2.57142857142857,0.315789473684211,1,1.68421052631579
Erethizon dorsatum papillomavirus 2,Monodnaviria,EXJ33_gp7,vertebrates,NC_040580,YP_009552053_7,atgtatttacagatggcatggtggcttccacaaaaaggaaaaatttttgtgcctcctccaaacactcctgttactaaaatactacgaactgacgattacgtgacgccgactgctcacatatatcatgcaagtacagagcgactgtgcactgttggacatccatattttgaaattaagaatggcggtgacgttgttgttcctaaggtttctggaaaccagtatagagttttccgattaaagcttccagatcctaatctttttgctgttgagggaatatataatcatgacaaggaacgtcttgtatggaagctactaggcatagaaataggacggggtggacctcttagtgttggtagcagtggacatcccgtatttaataagctcagggacactgaaaatcctaatagctactttgttacaggagatgaaggcagacaaaatgtgtcctttgaccctaaacaggttcaggtttttattataggctgcacaccatgtactggtgagcattgggacgttgctacaccttgtgcaaccttggagaataagcaatgtccacctttggaattggtgcatagcataatacaggatggagacatgtttgatataggcctaggtaacattaactttaaggcactgcagcagaatttgtctgatgctcctttagagcttgttaattctatagctaaatggcctgattttttaaaaatgacttcagatgcgtacggagactctatgtttttctttggtaggcgtgaacaggtatatgcaagacatttgttttgtaggaacggagctataggagatagtatccctactgatcctagatatgtaattcctgctaaggtggaacaacaaaagaccctaagttcatctgtttatttctgtactcctagtgggtctcttgtgtccagtgacggacaattatttaataggcctttctggctgcaaagggcacagggtaaaaataatggaatctgttggggtaatcaattatttgtgactgtagctgacaatacacgcaatgtaaattttactattagtagatatgaaggggaggatgtttccaccctacaggaatacgaaggtaaaaagtttcatcagtatttgagacacaccgagcaatatgaaatttctatagtgattcagatgtgcaaggtatccttggacactgatgttcttgcacacattaatctcatgaatccagatattctggaggattggaatttaggttttattcctcctccgccaaactctcttcaggatacatataggtttttgaattcccttgctactcgctgtcctactcaggaacctcccactgaaaaggaagacccttacaaagattactctttttgggagatagatttgtccgagcgtctttctacggagcttgatcagtttccccttggtcgcaagtttttgtatcaggctggtataggacgtgctccacgacgggcagtaacggtcaaacgaaagtctactactgcacataggacgaaaaagaagaggaaaactacctcctaa,0.827586206896552,0.444444444444444,1.17241379310345,1.55555555555556,0.705882352941177,0.588235294117647,0.470588235294118,2.23529411764706,1.28571428571429,0.580645161290323,1.71428571428571,1.54838709677419,1.55555555555556,0.222222222222222,1,1.22222222222222,0.72,0.5,1.28,1.5,1,0.333333333333333,0.222222222222222,2.44444444444444,1.07142857142857,0.642857142857143,0.428571428571429,0.857142857142857,0.857142857142857,0.285714285714286,0.571428571428571,1.85714285714286,1.15384615384615,0.8,0.846153846153846,1.2,1.71428571428571,0,0.19047619047619,2.0952380952381,1.76470588235294,0.588235294117647,0.235294117647059,1.41176470588235,0.941176470588235,0.117647058823529,0.941176470588235,2,3,0.631578947368421,0,1.36842105263158,0.387096774193548,1.35483870967742,0,2.12903225806452,0,0.6,1,1.4,1,0.307692307692308,1.42857142857143,1.69230769230769
