virus,realm,locus_tag,host,accession,protein_id,coding,AAA,AAC,AAG,AAT,ACA,ACC,ACG,ACT,AGA,AGC,AGG,AGT,ATA,ATC,ATG,ATT,CAA,CAC,CAG,CAT,CCA,CCC,CCG,CCT,CGA,CGC,CGG,CGT,CTA,CTC,CTG,CTT,GAA,GAC,GAG,GAT,GCA,GCC,GCG,GCT,GGA,GGC,GGG,GGT,GTA,GTC,GTG,GTT,TAA,TAC,TAG,TAT,TCA,TCC,TCG,TCT,TGA,TGC,TGG,TGT,TTA,TTC,TTG,TTT
Streptococcus phage phiARI0923,Duplodnaviria,BH783_gp01,bacteria,NC_030946,YP_009276863_1,atggatatcgatagaaacagactacgaacaggcttgccacaggttggggtgcagccttatcgacaagtacacgcccactcaacaggcaaccgtaactcaacagctcaaaatgaggctgattaccactatagaaaggaccctgaactagggttcttttcacatgttgtcggaaatggccgtgtcatgcaagtaggtcctgtgaacaacggaagttgggatgttgggggcggttggaatactgagagttacgcagcggttgaactgattgaaagccattcaactaaagaagagttcatgacggactaccgcctttatatcgaactcttacgcaatctagcagatgaagcaggtttgccgaagactcttgatacagacgacttggaaggtatcaagacgcatgaatactgtaccaataaccaaccaaacaaccactcagaccatgtggatccatatccatatcttgcaagttggggcattagccgtgagcagtttaagcaagacatcgaaaacggcttgagcgctgcaacaggctggcagaaaaatggcactggctactggtacgtacactcagacggctcttatccaaaagataagtttgagaaaatcaacggtacctggtattatttcgatggctcaggctatatgctttcagaccgctggaagaagcacacagacggtaattggtactactttgaccaatcaggcgaaatggccacaggctggaagaaaatcgctgacaagtggtactatttcgacgtagaaggtgccatgaagacaggctgggtcaagtacaaggacacttggtactacttagacgctaaagaaggcgccatggtatcaaatgcctttatccagtcagcggacggaacaggctggtactacctcaaaccagacggaacactggcagacaagccagagttcacagtagagccagatggcttgattacagttaaataa,0.761904761904762,1.11111111111111,1.23809523809524,0.888888888888889,2.28571428571429,0.380952380952381,0.380952380952381,0.952380952380952,1.63636363636364,1,0,1,0,2.1,1,0.9,1.09090909090909,1.2,0.909090909090909,0.8,2.66666666666667,0,0.333333333333333,1,1.09090909090909,1.63636363636364,0,1.63636363636364,1,0.666666666666667,0.666666666666667,1.33333333333333,1.26315789473684,1.25925925925926,0.736842105263158,0.740740740740741,1.33333333333333,1.11111111111111,0.444444444444444,1.11111111111111,0.5,2.25,0.375,0.875,1.41176470588235,0.705882352941177,0.705882352941177,1.17647058823529,3,1.16666666666667,0,0.833333333333333,3.66666666666667,0,0,0.333333333333333,0,0,1,2,0.666666666666667,1,1.66666666666667,1
Streptococcus phage phiARI0923,Duplodnaviria,BH783_gp02,bacteria,NC_030946,YP_009276864_2,atgcaacaaattactgaaatcattactaatggagcaatcagcatcctagtcgttttggcaggggttgtagttagggcagtcaaggactacctggttcaaaaaggtggagaaaagaccatcaaaatcgttgaaatcttggccaaaaatgcagtaaatgccgtggagcaggtagctgctgaaactggctacaagggagatgaaaaactggcacaggctcgtgctaaagtccgtgctgagcttacaaaatacaatatcagtatgacggacaaggacttagacacctttgtggagtcagccgtgaagcagatgaacgacgcttggaaaggacaagagtaa,1.16666666666667,0.4,0.833333333333333,1.6,0.571428571428571,1.14285714285714,0.571428571428571,1.71428571428571,0,2,2,2,0,2.33333333333333,1,0.666666666666667,1.14285714285714,NA,0.857142857142857,NA,NA,NA,NA,NA,0,0,0,4,0.857142857142857,0,1.71428571428571,0.857142857142857,1.11111111111111,1.66666666666667,0.888888888888889,0.333333333333333,1.42857142857143,0.857142857142857,0,1.71428571428571,2.28571428571429,0.571428571428571,0.571428571428571,0.571428571428571,0.857142857142857,0.857142857142857,0.857142857142857,1.42857142857143,3,2,0,0,2,0,0,0,0,NA,1,NA,0.857142857142857,0,1.71428571428571,2
Streptococcus phage phiARI0923,Duplodnaviria,BH783_gp03,bacteria,NC_030946,YP_009276865_3,atgcaaattgaatttttcaattttctaagaagtgtcgtacagactgaagatggtttggtcttgtacgctctagcactgattgtctcaatggaaatcattgattttgtgacagggacgattgcggcgattatcaatcctgacatcgagtacaagagcaaaatcggcattaacgggctccttcgtaagatttcaggggttctcttactgatgatcctcattccggcgtccgttttgttgcctgaaaagacaggttttgcattcttgtactcaatctatctcgggtacatcgcatttacttttcaatctctcattgaaaattaccgcaaattaaaaggaaatgttactctttttcagccgattgtaaaagtatttcagcgattacttgaaaaagatgatgatacgaaaaaaggagaataa,1.4,0.4,0.6,1.6,1.14285714285714,0,1.14285714285714,1.71428571428571,1.5,0.857142857142857,0,0.857142857142857,0,1.23529411764706,1,1.76470588235294,0.8,NA,1.2,NA,0,0,2,2,1.5,1.5,0,1.5,0.6,1.5,0.6,0.9,1.75,0.333333333333333,0.25,1.66666666666667,1.71428571428571,0,1.71428571428571,0.571428571428571,0.888888888888889,0.444444444444444,1.77777777777778,0.888888888888889,1.2,1.2,0.4,1.2,3,1.66666666666667,0,0.333333333333333,2.57142857142857,0.857142857142857,0,0.857142857142857,0,NA,NA,NA,0.9,0.4,1.5,1.6
Streptococcus phage phiARI0923,Duplodnaviria,BH783_gp04,bacteria,NC_030946,YP_009276866_4,atggcagaaacaattcaaaacacagataacttactagaccttacaaaaatcacagaaccatttgatcttgcgagtgctttgcgctacatgaaagaaaatggagagttcattcgttgcaagaatgtaagcgatgacttctatatgtatcgtgacgttcaaaaacgtcctgtgattgtaaatggccgtcgccaattcaaggatgttgaaaccgtttgggcgttcaatcagtggggtggtacaatcgcaacaatcaacgtagccgttctgttgaatcatgaattctatatcatgaaatttgatgcagagggcaatcctgactggacggatccaacggtaaaacctaaagaatag,1.5,0.666666666666667,0.5,1.33333333333333,2.66666666666667,0.444444444444444,0.888888888888889,0,0,3,0,3,0,1.71428571428571,1,1.28571428571429,1.5,0,0.5,2,1.6,0,0,2.4,0,2,0,4,0.857142857142857,0,0.857142857142857,1.71428571428571,1.5,0.8,0.5,1.2,1.71428571428571,0.571428571428571,1.14285714285714,0.571428571428571,0.8,1.6,0,1.6,1.77777777777778,0,0.444444444444444,1.77777777777778,0,0.5,3,1.5,0,0,0,0,0,2,1,0,0.857142857142857,1.42857142857143,1.71428571428571,0.571428571428571
Streptococcus phage phiARI0923,Duplodnaviria,BH783_gp05,bacteria,NC_030946,YP_009276867_5,atgaacacagaacagcttaaccaagccttacaaatgacaattagtgaaatgtcaacaacttcaacaaattcgatgattacaagtaatatcttgagtattcagttgaatgagcaaagggaagagaatcaaagacttcaagcacgagtggatgagctggaagctctgcttgatgaacaaactaaaccagcagacaaaggagaatag,2,0.666666666666667,0,1.33333333333333,2.85714285714286,0,0,1.14285714285714,2,0,2,3,0,0.75,1,2.25,1.5,NA,0.5,NA,4,0,0,0,2,0,0,0,0,0,1.5,2.25,1.33333333333333,0.666666666666667,0.666666666666667,1.33333333333333,2,1,0,1,4,0,0,0,0,0,4,0,0,NA,3,NA,2,0,1,0,0,NA,NA,NA,0.75,NA,1.5,NA
Streptococcus phage phiARI0923,Duplodnaviria,BH783_gp06,bacteria,NC_030946,YP_009276868_6,atgaatggtgatttcaccttaactgtgaaatatcccatttccgactctggtatttatcagctcatccaagaagatatgttgataaaagcgccgactcctgttcttggtgcgcagctatttcgcattaagaaacctgttgaatacaatgatcatctggaaatcacagcctatcacatttcagacgatgtgatgcaacgttctatcacaccagtaagtgtgactagtcagagttgtggcatggctctttctcgcatggtacaaaacaccaaaacggctcttggagacttctcattcaacagtaatatccaggaccgtaggaccttcaatacgactgaaacagaaaccctatactctatattgctagacggtaagcacagcattgttggtacatgggaaggcgagctggttcgtgataactttgcgataactgtcaagaagagtcgtggggagaatcgtggtgttgttattacaacgcacaaaaatctgaagaactaccaacgcacaaaaaacagtcagaatgttgtcacaagaattcacgcaaagtcgacttttaaacctgaaggtgctgaaaaagaaacgactatcagagtgactgttgatagtcctcttatcaactcatacccttatatcaatgaaaaagagtatgagaacaacaatgctaaaactgttgaagagttgcagaagtgggcacagtctaagttctcaaatgagggaattgacaaggtctctgatgctatcaagattgaagcttatgaacttgatgggcaagtggtccatatgggcgacacggtcaatctcaagagctggaaacataatgtcgatgcattcaagaaagctattgcttatgagttcgatgccttaaaagaagaatacatctctctgactttcgatgataaggctggattgcttagacaggaaatttctgacgatattgaacttgccaaggccaaggcggaagaagtcaagcgagaactgtctgacactatcaatcagcgctttaatagctttgacaacgggccattgaaagaaactaagcgcaaggctgaggaagctttgagacaagctggcgcaagtagctctcttgctcaggaagccaagcggattgggctggattctgttgctagacttgaagcgtttaagtcgcagactacgagcgcacaaacggctctgtcaggtgacttggacgctctgaaacggactatcgtgaatgatattcgaccgaagcaagcacaggttgaagctgagattgccaagcaagctgaagcacttagccggactaaaaatgaactggctggcgcaagtaccctacttgcacaggaagctaagcggattgagctggattctgttgctagacttgaaacgtttaagtcgcagactacgagcgctcagacggctttgtcaggtgacttggatgttctaaaacgaactatcgcaaacgatattcgaccgaagcaagcacaggctgaaactgagattgccaagcaagttgaagcacttagccggactaaaaatgaactggctggcgtgaagtcagcgcaagcgacgtatgaggagacgacgactcgtagactgtcagaactgaccaacttggccaatggtaaagccagcaagtcagaactcacgcaaacagctgaggagctggctagtcggattgcgagtgtgcaggcatccggtcgaaatctattcttgaactcactattcaagcaggatatttcaaaaacaggaatttggacaacgagtacatatacggctgctatcgatagcgaaagtaagtatcttggacacaaggctcttaaaattataggtctgaatccatctggccgtgatggaggtaatcccaaggttacttatccagctctgggtcaattcgggaaagtaattcccggaagtacgactaatcaagatgtaaccattagtttttatgctaaggcaaataaaaatggaataatgctaagatctcgattagggaatatcggatataaaactggaaatgtgacattgtcgacagaaattaaacgatatgttgtccatattccaaaaggttggacaaacgaatctaagcagaccacaaatgaatggttgttcaatttcaaccaggaaggaaccgtttggatttggatgccgaagtttgaaataagcgatgtagatacttcttattcagaagctcctgaagatatagaaggtcagatttcaacagtagaatcgatcttcaaacagcgtgctgattcactcgacgctggtgtaagaagcttgactgaaggccttagaaccaaagcggatatcagctcactcaacgtgactgctgaaaatatccggcaatctgtgaagagtcttgagacagacacgcagaacaagctaaatcagaagttgagtcaggctgaatttgaggtgcgagccggctctatccgtcaagaaatcctgaacgcaaccaaggataaagccagcaagtcagaactcacgcagacagctgaggagctctctagtaagatagcgagtgtgcaggtcggaggaatcaacctcttgcgtaatactgcgagtttgttgattggcgatcgttcaaaaggatgttggatgagtgcaagcggaggaaatgggcgagcgattagcgtagaagttttggatcctcccaaaaaaatgataaaaaacatgattcgtgttattgaaaatacgaatggtggaaataaagatttaactcaacttgttagattgcgaattggtgaaaagtacacgatttcttgttatgcaaggattgctagcgatagcccaaatgcaaacgtgaacttgctatttcgttcgtgggcaaataataccgatttaaatcgcaaatttcagaaatccatctctcataaaaattggcaaaaatattcatttacatttactgctgatgcaattgaaaattcaattcaatttggacaatctggcgcaggaattatcgaaatatgcgctccgaaaatcgaatcaggaacgttagcgactgattacagcgaagctcctgaagatatagaaggtcagatttcaacagttgaatcgaccttcaaacaacgagccaactcactcgacgctggtgtaagccgtctgactgaaggtcttagaactaaagtggatatcagcgcactcaacgtgactgctgaaaatattaggcagtcggtgaagagtcttgagacagacacgcagaacaaactaaatcagaagttgagtcaggctgaatttgaggtgcgagctggctctatccgtcaggaaatcctgaacgcaaccaaggataaagcagataagactttagttgtatctgaagctgggaaattgcgtgaagaattttcaaaaatgaaggtgggaggacggaatctatggataaaatccaagacggttggagctgtaattgaaaaattacctgaaaaccacgtcacaggtcaaaaagaatgctataggctagagaacaactctactttaacgttcaaccttgaaccagatttcagctcaaggttgtaccaaaaagttacttttagcgcttggatcaagtacgaaaatgtagtccaaggtcgaaatttttggaatgtatttaattgcttcaaacattatctttttagaaaaaatagtgagaccggagtacagagtggtccagattatgctacgcttggtatgtataaaggttcggcagattggaaatatattacattcacttatgactactctgaaaaaacaaattttgatcaattgaagacatcattgcgattcaatcttgaaggtgctacaagcggtacagcttgggtaacaggaatcaaggttgaaatcggtagtgtggcgacggactggagtcctgcgcctgaggacgctgatggtctcatcactgaagctaaggctacctttgagcggacagctcagggcttgcgaaccgatttatcagctattcaggaatatgtaaataaagacggtcagcgacaggaagccctacagcgctatactcgtgaggagagcacgagacaagcgacagcagtccgtgagctggtcaatcgtgatttcgttggtaaggctacttatcaagaagatgttaagggtatcaatcagaggattgaagctgttaaaactagtgcgaataaagacatcgctagtcaaatcgctagctatcgtcaatctgtagatggtaagttcacggatatttcaagtcagataactacttataagcaagatgtgggcggtcaaatcagtggtctatcaaatagacttacaagcagtgagcaaggaaccactactcagatttcaaatctttcaaatcggataaacagtaataagcaaggcacagataatcagatttcaaatttaaagactcaggtcgctacaaacaaggataatgctgaacgacaaatgggtagaatatctgatcaggtttctgcaaacaaagcgaatgctgatagtcaatttgtgaatgtgaccaatcaactagcgcgaaaagtagagactactgacttccagcgtgttaaggaaaccagtaaactttacgagcggattttgggcaatactgaaaacggaattgcggataaggtttctcgtatggctctgactaatcaactatttcaggttgaggttgggaaggttgccaaaggtggtcgaaattatatcagaaatggtcaatttaagaacggttcgaaaaactggcttgaatatcaatctgttaattttggtttgaatttcaactatcaacactctcaaaatcctaataatcgaaatcgtccaggactacacttctatcacgattctcaagatgttgctaatttttttggaattcagcaatcttttgcatttgatggtattcgaggggaaaaggttagtgtatctctgcttgtttcgaaagatggtggcgatagcaacagtggcttgaaagtcgctttgcactacatcaaaaacaaaaacattattgggcaagagtggcaaaatatcccaagtccacaaataacatcgaagtataagcgtttcacatttacgtttactttatcagacgatgtagagaatctgaatttgatgttgtttggtgaaaaagggaagaccatcaacctctatgttacagatgttcaactcgaaagaggttctgtcgcgacggactacaaagaagctcctgaagacacggacgaagcgattcgctctgttcaaagccaactaactggctcatgggcagttcaaaacatcaactcggctggagatatcatctctggaatcaatcttggcgccaatggacataaccgctttgttgggaaattgacccacatcactggagagaccctgattgacagagcagtcatcaagtctgccatggttgataagctcaaaacggccaattttgaagctggttcggtcacgactacgatattagacgctgaagcggtaactgctgagaagttgaaagttgacaatgcgcttattaaaaaattaactgcaactgatgcttttatttacgaactgatatctaaacgtatcttctctactaaggttgagtccgtcatttctagctcaaccttcctagaagcctatcaaggccgaatcggtggattcacacttggtcaatttgaccagggtggcggtcgctggatttcaggtgtcaatcagttctctgttggtatggggaatggtgccgggcatggagtccggacagccttctgggcgaactggggaaataattggaactatgccggacctaaagcatggaacgtcaatactgatgggaaaatgtactgtaggaatgaagtcggtttttatgatcaagtggatttttcgaattcatcgagagcaaacttctatgggaatactactttttctcgttctcctgtgttttcaaatggtatcgaacttggaagtaaagatgtgcttggtgatggttggaatcccaaaggcggaaggaatgcggttgtttggtggaatcaggtcggtagcggtagcttgaagtattggatggaacaaaaatcagatagacgcttaaaagagaacatcacagatacagctgtgaaagccttggataaaatcaacagattaagaatggttgcatttgatttcatcgaaaataagaaacatgaggagattggtctaatagctcaagaggctgaaaccatcgttccaagaattgtctcacgagatcctgagaatccagatggctatctacatatcgactataccgctttagttccttacttaatcaaggctattcaagaattaaatcaaaaaatagaaaaaatggagaaaataatagcatga,1.075,0.666666666666667,0.925,1.33333333333333,0.987654320987654,0.641975308641975,0.864197530864197,1.50617283950617,1.38461538461538,1.09090909090909,0.461538461538462,1.32954545454545,0.481751824817518,1.16058394160584,1,1.35766423357664,1.05454545454545,1.04761904761905,0.945454545454545,0.952380952380952,1.3,0.5,0.5,1.7,1.32692307692308,0.634615384615385,0.692307692307692,1.5,0.874172185430464,0.556291390728477,0.993377483443709,1.35099337748344,1.3986013986014,0.592592592592593,0.601398601398601,1.40740740740741,0.869565217391304,0.546583850931677,0.645962732919255,1.93788819875776,1.09859154929577,0.676056338028169,0.47887323943662,1.74647887323944,0.672,0.8,0.864,1.664,0,0.56140350877193,0,1.43859649122807,1.32954545454545,0.170454545454545,0.545454545454545,1.53409090909091,3,0.857142857142857,1,1.14285714285714,0.754966887417219,0.868421052631579,1.47019867549669,1.13157894736842
Streptococcus phage phiARI0923,Duplodnaviria,BH783_gp07,bacteria,NC_030946,YP_009276869_7,atgacaaaaattaatgagttaaccattgatggagtgaaaacatcatcatttaaatgtgagattctggttgaaacacgaccacaaatcatcgtatcctcctcaaaaactagtcttttagaacatgatgggattagtggtgcaattgttcaatcaaataggcatcgtaggttgattgaaaaaagctaccacattagcttgattaacccaacggatgaagacttataccgtttttcttctctgttaaatcgtgaaaaattttggttagagaatgaacaagagccaagcgtgaaatattggtgctataaagtggatgatttcaaaattattaaagatgattttggtgcatggacggtggatgtaaaattcacttgccatcctacaaaatactttaaaggctccgatacacagagattgacaagaagtggaaccttggccgttcaaggttctgctcttgcttttcctaaaatcacaatcgttggtcagagcgctgttgagacttcatttacaatcgctggtcaggtcattaggcttgaaaaactctcagaatcgcttgtgatggttaataatcctgacaatcctagctttaaaacgacaacagggaagccagtcaaatggtcaggggattttatcacagttgatccagcgaaagttaagaatattggggttgttttaggcccaggtattcaatcgattgaaatcgaaacggtttgggggtgggcataa,1.8,0.222222222222222,0.2,1.77777777777778,2.2,0.4,0.8,0.6,1.33333333333333,1.30434782608696,2,0.782608695652174,0,1,1,2,1.25,0.5,0.75,1.5,2.4,0,0,1.6,0.666666666666667,0,0,2,0,0.352941176470588,0.705882352941177,1.41176470588235,1.33333333333333,0.307692307692308,0.666666666666667,1.69230769230769,1.33333333333333,0.444444444444444,0.444444444444444,1.77777777777778,0.533333333333333,0.533333333333333,1.33333333333333,1.6,0.4,0.4,1,2.2,3,1.2,0,0.8,1.82608695652174,0.782608695652174,0.521739130434783,0.782608695652174,0,1.33333333333333,1,0.666666666666667,2.11764705882353,0.363636363636364,1.41176470588235,1.63636363636364
Streptococcus phage phiARI0923,Duplodnaviria,BH783_gp08,bacteria,NC_030946,YP_009276870_8,atggctgaaacatttgaaggcttatatgtcaaatttggtgctaatactgttgaatttgacagatctgtaaaaggtatcaataatgctttatctagtctgaaaaaagatttcaacaacatcaatagacaattgaagatggatccagacaatgtcgacttgctgaatcgtaagttgttcaacttacaagaacaagctcgtgttggtgctatgaaaattgctgaactcaaaaagcaacaaaaggaactgggagaatctgaagttgggtcagcacagtggaataagcttcaacttgaaatttctaaagttgaatcacagatgaaggttgttgaccagacaatgaattcaaccaaaaaacatatcgaagatgtaggaaatccaaagtctattttaaatctcaacaaagaaatcaacaatgttgcaaaagaacttgatatcgtcaaccagaagcttgaattagatcctaaaaatgtagagttgtccgaagaaaaaatgaagttattaggtaaacaatcttcattagccaaggataaggtccaggagttgaaacggaaacaagaggaattaggaaaggaaaaaatcggaacagaggaatggcgacaacttcaaaatgaaattgggcaagcagaagtcgaggtgttaaagatagataaagccatggggaatctaggggattcgagccgttcagcaacaggaaacatcaaggaagctacaggatacttaaaagccgatgtaatgatgaacattgctgaaaaggcaggacaactaggtcaaaaaatggttgatgctggtaaaaaaacagtaggtgcatggtctgaaatcgacgaagcgatggatactgttacgacgaagactggacttactggcgaagccttgttaggacttcaggaaattgcaaaaggaatcgctacatccttaccatcggctacatttcaagaatctgctgacgcagttggtgagttaaatacacaatttggacttactggtgatactttgcaatctgcagcagagtacctattgaaatattcgaaaataactggagaagatatttcaaattccgcaataaatgccaagaaagcaattgatgcttacggtttatctaatgaggatctagcgagagtattggactcagtaacaaaggtcggccaggatactggtcaatcttatgactccatctttcaaaaagcaattgatggagctccacagattaagatgctaggattatcttttaaagagggggcgacattaattggtagatttgaaaaaagtgggattgactcttctgcagctttagcttcactttcaaaggctacagtaaactatgctaaagacggaaagacattgactgaggggttgaacgagactgtcaatgcaattcagaatgctactagtaagacagaagcaataagaattgcttctgaagttttcggaaatagagccgctcctaaaatggtagatgctatccaacgtggggcatttagttttaatgatttagctgaagcagcacaaaactcatcaggaactgtagcaacaacatttgctgagacaaaagatccatttgatgacctaacaacctattccaacaaatcaaaagaagggcttgccgagataggtggtacactacttgagactgttataccagctttagaacctttgatgggcatgcttgaatctgctgttaattggtttaccagcttaaatgaaactgatcaacagactatcgtgattcttggcctcgttacaactgctgtaatgctactgcttggtgcaatagcaccgctagtcattgctataggtgcaataggtgcgcctgtcggaattgtcgtagcggcaatagttgctgctattgccgctattacactcatcattcaggccatcatgaactgggggaccatatctgaatggcttcagtcgacgtgggatgcttgcgccgcttggctttctgaattgtggactaatattgttacgactgctactacagcgtggtcaagtttcactgcttggctttctgaaatttggtcttcagtagtctcaacgggacagtctttgtggtctagctttactagcaccttgtccaatattttctcaagtttgatttcaggagctcagtcactgtggtcaagttttacttctaccctttccaatttatggtctggcctggtctcaactgggtcaaatttgtttaataatttgagtggcacgatttcaggaatttttaatggtatcttatccactgctagcaatatttggaactctatcaaatcaactatttcaaatgctattgatggtgctaaaaatgcagtatctaacgctatccaagctattaagaatctatttaatttcaatatcagttggccgcacattccattaccacacttctatgtaagtggttcagccaatccattagactggttaagtcagggcgttccaagcatcggtattgagtggtatgcgaagggtggtatcatgaccaaaccaactttatttggaatgaatggaaatagagcaatggttggtggagaagctggtgcagaagcaatccttccactcaataagtcaactcttggtgcaattggacaaagcattgctaatacgatgaatacatcgaatagcatcaatgtcaacttctcaggagtgaccatccgagaagaagcggatttgaatagactagctgacgtagtcggaacacgtattgctgaagaactacaaagaaaaactaatttgagaggaggtttcgcatga,1.20634920634921,0.507936507936508,0.793650793650794,1.49206349206349,1.43283582089552,0.477611940298507,0.417910447761194,1.67164179104478,3.33333333333333,0.564705882352941,0,0.776470588235294,0.478260869565217,1,1,1.52173913043478,1.23076923076923,1.33333333333333,0.769230769230769,0.666666666666667,2.66666666666667,0,0.444444444444444,0.888888888888889,0.666666666666667,0,0.333333333333333,1.66666666666667,0.8,0.333333333333333,0.4,1.33333333333333,1.50819672131148,0.684210526315789,0.491803278688525,1.31578947368421,1.27659574468085,0.468085106382979,0.340425531914894,1.91489361702128,1.51351351351351,0.432432432432432,0.594594594594595,1.45945945945946,1.25490196078431,1.09803921568627,0.235294117647059,1.41176470588235,0,0.6,0,1.4,1.90588235294118,0.564705882352941,0.352941176470588,1.83529411764706,3,2,1,0,1.8,0.642857142857143,1.33333333333333,1.35714285714286
Streptococcus phage phiARI0923,Duplodnaviria,BH783_gp09,bacteria,NC_030946,YP_009276871_9,atgattaaaaaagaactatcattcacagcgtttgatagttatggtgaagaaagagagtacactggaacagtgcgctttctttactctttaccagctatcaagatgtatgaacagcggacaggtcgcaacttctttgatgacaaccaaaaagcactcacagcttacacacagcttgctcttgcaactggtgtaaatggtcgtttatctgctttaactgatgaagaaaaggtcaaactaatgccattacttatggagccagatttcatgaacttcctaactgaagtcatcccttgtctgtacggtgaggttgagaatggtcgcttggtacagaatgagctgactgctgaaacagcctctcttgctccttggtttggtgatttgattgatattggttttttttcagacctcttttatgaatttaaccgaagtagagcaaaggttcctcaagatagaaaaaagcctcaacagaagtcataa,1,1.14285714285714,1,0.857142857142857,2.18181818181818,0,0,1.81818181818182,2,0,0,1.5,0,1.2,1,1.8,0.857142857142857,NA,1.14285714285714,NA,1.71428571428571,0,0,2.28571428571429,0.666666666666667,2,0.666666666666667,0.666666666666667,1,0.666666666666667,0.666666666666667,1.66666666666667,1.28571428571429,0.444444444444444,0.714285714285714,1.55555555555556,1.09090909090909,0.363636363636364,0.363636363636364,2.18181818181818,0.444444444444444,0,0,3.55555555555556,1.14285714285714,1.14285714285714,0.571428571428571,1.14285714285714,3,1.14285714285714,0,0.857142857142857,2.25,0,0,2.25,0,0,1,2,1.33333333333333,0.666666666666667,0.666666666666667,1.33333333333333
Streptococcus phage phiARI0923,Duplodnaviria,BH783_gp10,bacteria,NC_030946,YP_009276872_10,atgacttataaatatgacacacgagaggtaactcatggtaataccacgggattctttgccaagatttccaaaacagaatctggcacactcgatttaaaaaaaccgtatccatttacaggattgcgaaaaacatcttttgaaacttcacaagaatcaaatgcatactacgcagataacgtggagcacgtccgtcttcaaggtaagaaatcaactgagggatccatcacgacttatcaaattcctaaacaattcatgattgatcacttgggtaaaaagctgacaacttcaactcctccagcgctcatcgatactggtgtgaatgcgaattttatttggggatatgctgaaacggttacagacgagtttggttctgaggttgaagagttccacatctggaccaatgtaaaagcatcagctccaaaaggcagcactacaacagatgaaagctctgctacaccaaaagaaattgaaattccatgtactgcgtcacccaacaattttattctagattcagataaaaaacctgtttcagaaattgtatggcgtgatacagacaagggtgttgtccgtgctaaatttgataaattgttcgcttcaagtaccccaatgaaattgattgattttatcaatgaagctttaggaacaacagccatcgtgccaggaggataa,1.6,0.444444444444444,0.4,1.55555555555556,1.79310344827586,0.413793103448276,0.413793103448276,1.37931034482759,0,0.666666666666667,0,0.333333333333333,0,1.07142857142857,1,1.92857142857143,2,1.5,0,0.5,2.33333333333333,0.333333333333333,0.333333333333333,1,2.4,0,0,3.6,0.545454545454545,1.09090909090909,0.545454545454545,0.545454545454545,1.25,0.461538461538462,0.75,1.53846153846154,0.857142857142857,0.571428571428571,0.857142857142857,1.71428571428571,1.86666666666667,0.533333333333333,0,1.6,1,0.666666666666667,1,1.33333333333333,3,0.571428571428571,0,1.42857142857143,3,0.666666666666667,0,1.33333333333333,0,0,1,2,1.09090909090909,0.666666666666667,2.18181818181818,1.33333333333333
Streptococcus phage phiARI0923,Duplodnaviria,BH783_gp11,bacteria,NC_030946,YP_009276873_11,gtgggaagtggtagcgttaatgcgaaaacattaaaaatcgatatccagaatcaagttttagaaatcatagaaaaatcaggaaaaagcaccgctggagacattagagacggaagtcctagaagaaacggagtatatgaaaaaggatggactcacgagaccattgaagatatcgctgtagtatataacaatgggaaagagaagtcgcttgctcacttgttagaaaatggccatgcaacaaaaaatggtggatttgtagcacctcaagaacacatcagaccagcatacctcaaaaataaagaaatctttctcaataatatgaaatcaataaaaatcagaccaaattaa,1.83333333333333,0.363636363636364,0.166666666666667,1.63636363636364,1.6,1.6,0,0.8,6,1.71428571428571,0,1.71428571428571,0.545454545454545,1.90909090909091,1,0.545454545454545,1.33333333333333,1.5,0.666666666666667,0.5,2,0,0,2,0,0,0,0,0,1.71428571428571,0,0.857142857142857,1.55555555555556,1,0.444444444444444,1,1.71428571428571,0,0.571428571428571,1.71428571428571,2.54545454545455,0.363636363636364,0.363636363636364,0.727272727272727,2.28571428571429,0,0.571428571428571,1.14285714285714,3,0.666666666666667,0,1.33333333333333,1.71428571428571,0,0.857142857142857,0,0,NA,1,NA,2.57142857142857,0,0.857142857142857,2
Streptococcus phage phiARI0923,Duplodnaviria,BH783_gp12,bacteria,NC_030946,YP_009276874_12,atggctaagaagttcttcaccaggcaagaaattcaagaaatcctagaaaaaaacactttaaaatcaaaagtgttctatatggaacgtgaggaaaagtcctctcctgacaacgttattctttactatcgtttaactccgggtagtagtattactgctgatgacacagtacacatgagaaaagtgactattcaaatcagtcactatcacaagaagaaattagacagcattgaggaattgatgttgtctaattttatgtgtgaacctagtcagttgaatctaaaacagcctgatacagattacttacttacaacctacagaatcgaggtattcacaagtgggaagtggtag,1,1,1,1,1.6,0.8,0,1.6,2.4,0.6,1.2,3,0,1.125,1,1.875,1.2,2,0.8,0,0,0,1,3,0,0,0,2.4,1.09090909090909,0,0,1.09090909090909,1.4,1,0.6,1,0,0,0,4,0,0,2,2,1.6,0,1.6,0.8,0,1,3,1,0.6,0.6,0,1.2,0,0,1,2,2.18181818181818,1.6,1.63636363636364,0.4
Streptococcus phage phiARI0923,Duplodnaviria,BH783_gp13,bacteria,NC_030946,YP_009276875_13,atgaaatcatctagagtatcaatcatcctttgttacgatgagcgtacagaggtcgaaaaaggtgtttttgaaaaacaagttgtagaaaagaaagccaaagctgaaaaagagaagatctaccaacgtagacttgataaagctttggcagatggtcaagttttgacagcaagatttcggatacgttctaactatgtgacagattccttagactacgtgaagtacaaagggaaagagtacaaggtaaatgttggaactgaatctgatgatgaccactacacgataattgaattaggagaattgaaataa,1.42857142857143,1,0.571428571428571,1,2.4,0,0.8,0.8,2.57142857142857,0,0,0,1,1.5,1,0.5,2,2,0,0,NA,NA,NA,NA,0,0,0.857142857142857,2.57142857142857,0,0,0,1.71428571428571,1.27272727272727,0.5,0.727272727272727,1.5,1.6,0.8,0,1.6,1.6,0,0.8,1.6,1.2,0.4,0.8,1.6,3,1.71428571428571,0,0.285714285714286,2,1,0,3,0,0,NA,2,1.71428571428571,0,2.57142857142857,2
Streptococcus phage phiARI0923,Duplodnaviria,BH783_gp14,bacteria,NC_030946,YP_009276876_14,atgacaatccttaaccaaattaaagaaatggttgaagttgatgtcgaagaagaaatctttgacactcaatttttaagctacataaatagtgggatttcatatctaacgagaaacaacattcctatcaatcgcatcgataaagaaagcgaattgacagaatggaatgagattgaagaggatgataaagaaacaattttagattggttacatttgagatgtgttcagagatttgataaatccttgatgacaggaaattcaacaacaaggagctggattgatgaagaattgacaaatattctttatcaattaaaagctatttacggagttaaatcatga,2,0.75,0,1.25,3.11111111111111,0,0.444444444444444,0.444444444444444,3.6,2.25,1.2,0.75,0.230769230769231,0.923076923076923,1,1.84615384615385,1.5,0,0.5,2,0,0,0,4,0,1.2,0,0,0.545454545454545,0,0,1.09090909090909,1.71428571428571,0.25,0.285714285714286,1.75,0,0,0,4,2.66666666666667,0,1.33333333333333,0,0,0.8,0,3.2,0,1,0,1,2.25,0.75,0,0,3,0,1,2,2.18181818181818,0,2.18181818181818,2
Streptococcus phage phiARI0923,Duplodnaviria,BH783_gp15,bacteria,NC_030946,YP_009276877_15,atgaaaacactagtcgaattgatggaagaacgacaaaaacatgcagatgagttatctgagatcaaatttaaaaaagcttcaatcgaagagaaattggagtcagcaactattggagaagaagaacttgcacagttgaaatcggatgcagaaggattggtatccaaagcagatgaactcaagaacacaatttctaagttagatgttgagattgaagaaaaacaagacaatctcaataaagctgctaaatctatcaaggaagtacagaaaggcaagatacaaatggaatacttaaaaacaaaagaagctgcacttgatttcgctcgaatccttatggataatgaaggaagctcaaacagtgcccgtaaagcgtgggaagcaaatctggttgaaaaaggtgtaactgatgttaacaaaatcttacctgaaccagtattgattgcaatccaaaatgcatttaatgattacgatggtatcctgaaccatgtaaccaaagatcctcgttatgcagtacgtgttgcgcttcaaacgcaacaagcaaaagctaaaggccatcaaaatggcaaaacaaagaaagatgaatcttttgtatttatcgattatacaatcaactctgcagctgtctacatcaagtacagttttgagtatgctgacttgaagaaggatacaacaggtgcttacttcaactatgtgatgaatgaactagcacaaggcttcatccgtgcagttgaacgtgctgttgttatcggagatggtaaaaatagtgatgatgatgacaaaatcactgaaattaaatctatcgcagaagaaacacttgctcaactatttgatacacaagaaatcagtgttgacggggaatttgacagtactgttttagaaaacctcgtcaaagggattgataaacttgctgcaaatacaactccaattttggtaacttcaaaaaccattgctcgtaaacttaaaatggttaaggatggcgaaaaacgctacattgacccacaaccattcgcaccaatttcacaaacagggaatgtcattgctggttaccaagtatatgtctatgactggatggaagatgcgactaacccaattatcgcatttgctgacaaggcttataagatgattggtgatgatgtttctgctgatcgctttgaagattatgatgtaacgatgaatcgccgtcatatcgaacttgctagcgtgcttggtggccgacttggtcagtacaaatcagctgtgaaattcacaaaaggttga,1.51111111111111,0.8,0.488888888888889,1.2,2.08695652173913,0.347826086956522,0.347826086956522,1.21739130434783,0,0.545454545454545,0,1.36363636363636,0.0967741935483871,1.64516129032258,1,1.25806451612903,1.64705882352941,0,0.352941176470588,2,3,0,0,1,1.38461538461538,1.38461538461538,0,3.23076923076923,0.6,0.6,0.4,2,1.67567567567568,0.470588235294118,0.324324324324324,1.52941176470588,1.75609756097561,0.0975609756097561,0.292682926829268,1.85365853658537,0.727272727272727,1.09090909090909,0.545454545454545,1.63636363636364,1.37931034482759,0.689655172413793,0.413793103448276,1.51724137931034,0,1,0,1,1.63636363636364,0.272727272727273,0.272727272727273,1.90909090909091,3,NA,1,NA,1,0.714285714285714,1.4,1.28571428571429
Streptococcus phage phiARI0923,Duplodnaviria,BH783_gp16,bacteria,NC_030946,YP_009276878_16,atggaaaaattaaaaacctttgtcgtcaagtcagttgaggaagagtcagctgactttcactttgaggcttatgcctccacctatggcaataccgacagagatggtgatgtgatggccaaggggtgttttgacaataccctgaaaactaaggccgtcgtccctatgtgcttaaatcacgaccgcaatcgcgtcatcggtaagcatgagctgtcggtagatgaaaaaggtctgcgaacacggtcaacattcaatctaagcgatccagaagctaagaaaacctatgacctcatgaagatgggggcactggatagtctgagcattggattttttattaatgattatgagccagttgacgctaagcaaccttacggtggatggatttttaaagaagttgaaatctttgaaatatctgtcgtgaccgtgccagccaatcctcaagcaaccattgataatattaagggatttgatatgtctgtggttgacaagcgaatcgctcaggcgaacatgaagcaagatatcatgagtaaacttgcaacgatttaa,0.823529411764706,0.222222222222222,1.17647058823529,1.77777777777778,0.727272727272727,2.54545454545455,0.363636363636364,0.363636363636364,1,1.09090909090909,0,1.09090909090909,0.272727272727273,1.09090909090909,1,1.63636363636364,1.5,1.33333333333333,0.5,0.666666666666667,2,0,0,2,2,2,1,0,0.6,0.6,3,0.6,1.16666666666667,0.875,0.833333333333333,1.125,0.923076923076923,1.23076923076923,0.307692307692308,1.53846153846154,1.2,0.4,0.8,1.6,0.266666666666667,1.6,1.06666666666667,1.06666666666667,3,0.4,0,1.6,1.63636363636364,0.545454545454545,0.545454545454545,1.09090909090909,0,1,1,1,1.2,0.2,0,1.8
Streptococcus phage phiARI0923,Duplodnaviria,BH783_gp17,bacteria,NC_030946,YP_009276879_17,atgaacaaatatataaataatttaagagaggtttttgctaggattttcagaccaagcaatagaaaatccacaaggacctatttacaaagaaatttgaattattggagaagaaattcgatttacttagacaatatctacaataagatttcaacagatactgcacaagttcgatttaagcatgtgagaatcactcgaaatccgacgggagttgataagatggagtggtttgaaaatagtgatcttgcaaatgttttatctttctctccaaatcctcttgaaataccagttgtattttgggcaaatgtaacaagagctatgctgaaagatggtgttgcagtcgttgttccacgttgggaaaatggtcgactgattgaaatttggtttgcaaagaaaaccatatcatggactgcagagagagttgaaatcatgattgatgatgtagagattgagctacctcttagcgatgtctgggtttttgaaaatcctaaattaaacgtgacaagtcaactaaaccaaatcacagaattaattgatatcaaccttgatgcgttaaccgagaagttaggcagagggaattcaaagttgagaggattcttaaaactaccaactaaagcagcagatgaacatttgaagaaacaagctaagagtagagttgatagcatgatggaacttgctgaaattggtggcattgcctatctcgagcaaggtgaagagtttatggaattaaacaaagattactcaaccgcttctaaagaagaaatggagtttctgaaatctcaactttatcatgctcatggaattaatgaaaaattgtttacttgtgactacacagaagaacaatatagagcttactattctagcgtcatgaaattatatcaacgtgtattctctgaagaaattaatagaaaatatttcacgaagacggcaaggacacaaggaaacaagctcttggtcttctttgatatggctgacatgatttcattcaaggatctagtagaaggtggatttaaatctaaatacgcaggtttgatgaattcaaatgaattccgtgaaacctatctagggcttccaggatatgaaggtggagaagtattcgaaaccaatctaaatgcagtccgtatcgagccgagcgaaagtaattaa,1.18518518518519,0.413793103448276,0.814814814814815,1.58620689655172,1.33333333333333,1.14285714285714,0.571428571428571,0.952380952380952,3.5,1.25,0.75,1,0.409090909090909,0.818181818181818,1,1.77272727272727,2,0,0,2,2.18181818181818,0,0.727272727272727,1.09090909090909,0.75,0,0,1,1.02857142857143,0.342857142857143,0.514285714285714,1.2,1.44444444444444,0.352941176470588,0.555555555555556,1.64705882352941,2.0952380952381,0.19047619047619,0.19047619047619,1.52380952380952,1.55555555555556,0.444444444444444,0.444444444444444,1.55555555555556,1,0.833333333333333,0.333333333333333,1.83333333333333,3,0.705882352941177,0,1.29411764705882,1.5,0.25,0.25,1.75,0,0,1,2,1.88571428571429,0.9,1.02857142857143,1.1
Streptococcus phage phiARI0923,Duplodnaviria,BH783_gp18,bacteria,NC_030946,YP_009276880_18,atggttgagatgagatattttgataaatatgctcagctggtctactcagggaagattcgtgtttgtgaacttacgatgaagtcgattaaacgagtagagaggtacaaggaacaatacatctttaaacaagaagaagttgacaaacggattgagttcattgaggaagagtgcagcaacactaaaggtcttgctggaaagttacacttggctttgcctcagaaggtctggctagaaacaacgtggggtttttatcatacagttgaagttacaaaaacagatcccgatacacttgaagaatataaagattttgaagaaaggcgtctcattcatgaggtgcctattattgtacctcgtggtacaggaaaaacaacccttggttctgccattggtgaggttggtcagattattgacggtgagtggggtgctgatattcagcttctagcttacagtcgtgaacaagctggatatctgtttaatgcttctagagctatgctgtcgaacgaagagagcttgctacactatatgcgtgaggctgacatactacggtcaactaaacaaggtatcttgtacgagacaactaatagtcttatgtcaatcaagacttccgactatgaaagtcttgatggtactaatgctcactacaatatttttgatgaagtgcacacttatgatgatgacttcatcaaggttgtgaatgatggttcgagtcgcaagcgaaaaaattggataacctggtacatctccaccaatgggacgaaacgggacaagctttttgataagtattacaacatctgggtagatattcttgatgaaaagattgtcaatcattcggtcatgccttggatttatcagctggatgatgtttctgaaattcacaatccagatatgtggcagaaagctatgcctttactcggtataacgactgagaaggagacgattgccaaggatattgaaatgagcaagaatgatccagcacaacaggctgagctgatggctaaaacatttaatctccctgttaataactatcttgcttacttcagtaatgaagagtgtaagggttggttagataagtttgataagagtttgtttgtcggaaatgaggagaggagtgctcgctgtgtgcttggtgttgacttgtcggatgtcaatgacatttgttcggtctcatttatggtcgtgcgtggcgaagagcgtcagtatttgaacaagaaattcatgccacgtcatacgattgaaggacttccgaaagaactgagggacaaatacgctgagtgggagcttagtggacagcttcatgttcatgagttggactacaatgatcaagcttatatctttgaagaattaaggcagtttatgagtgagaatagaatcttaccagttgcagtcggatatgaccgctggaatgcaaaagagcttatccgcttaattaatgactactacggagatatatgtcacgacattccacaaacggtcaagagcttatccaatcctttaaaagtgtataaagaaaaagctaagatggggaaaatcatctttgacgatcctgtggcaacttggaaccacgcaaatgttcgtgtcaagatagatgcgaataacaatgtatttccaaataaagaaaaagcaaaagaaaagattgacgtatttgctagtcagttagatgcttttatctgctacgaaaatttcaaggaagacttgagttattactttgattga,1.02127659574468,0.4375,0.978723404255319,1.5625,1.33333333333333,0.444444444444444,1.03703703703704,1.18518518518519,0.692307692307692,0.774193548387097,1.15384615384615,2.12903225806452,0.375,0.9,1,1.725,0.777777777777778,1.07692307692308,1.22222222222222,0.923076923076923,1.5,0.25,0.25,2,0.461538461538462,0.923076923076923,0.692307692307692,2.07692307692308,0.521739130434783,0.391304347826087,0.782608695652174,1.95652173913043,1.11538461538462,0.744186046511628,0.884615384615385,1.25581395348837,0.827586206896552,0.275862068965517,0.137931034482759,2.75862068965517,1.23076923076923,0.153846153846154,0.461538461538462,2.15384615384615,0.555555555555556,1.22222222222222,0.777777777777778,1.44444444444444,0,0.967741935483871,0,1.03225806451613,0.774193548387097,0.580645161290323,1.16129032258065,0.580645161290323,3,0.571428571428571,1,1.42857142857143,1.17391304347826,0.434782608695652,1.17391304347826,1.56521739130435
Streptococcus phage phiARI0923,Duplodnaviria,BH783_gp19,bacteria,NC_030946,YP_009276881_19,atgcttgaaatcaatgacaatgattcagtaggtttgaaaaatcttaaaactcaatacaatcataatcaaaaagtgattgaaaacttccaattggaaatcaataaagtcatcaatgacggtgagctacctgataagtatttacttgatggaatggaaaagtatcaaaagctaaacatgcagattatgtcaacgattgaaaagcaaagtccacagggtgatagcctcaaagaaatgattcaggagaagttggctcgatatggttga,1,0.444444444444444,1,1.55555555555556,0,0,2,2,0,1.5,0,1.5,0,1.28571428571429,1,1.71428571428571,1.25,0,0.75,2,2,0,0,2,6,0,0,0,1.2,0.6,0,1.8,1.5,0.666666666666667,0.5,1.33333333333333,0,0,0,4,0.8,0,0,3.2,1.33333333333333,1.33333333333333,1.33333333333333,0,0,0.5,0,1.5,3,0,0,0,3,NA,NA,NA,0.6,2,1.8,0
Streptococcus phage phiARI0923,Duplodnaviria,BH783_gp20,bacteria,NC_030946,YP_009276882_20,atgaatattgttgaaccgttacgagataaggatgatatccaagccatgaaggactatctatcatcttggaatgaaaagtattacatgttatttcttttgggaatcaatacaggttttcgtgtcggagatattctcaaactaaaggttaaagatgttcaaggttggcatattaaagttagggaacagaaaacagggaaatacaagagcattaaaatgacaaggccactcaagaatgaattgagggaatttgtcaaagataaagaattacatgagtatctatttcagagtcgtgtcggaaagaataaggcgctcagctataagacggtatactggtttcttaaaagagctgctgaagacttaggaatcgataatgtcggaactcacacgatgcgaaaaacatttggctatcattactacaagaagtacaagaacgttgcagacttgatgtcattattcaatcattcaagtccagcagttacactaatttatatttgtgtaaggcaagatgaacttgatactaagatgagtaattttagcctctaa,0.869565217391304,0.222222222222222,1.1304347826087,1.77777777777778,2.22222222222222,0,0.888888888888889,0.888888888888889,0.666666666666667,1.8,2.66666666666667,1.8,0,1,1,2,1.2,0.4,0.8,1.6,2.66666666666667,0,1.33333333333333,0,1.33333333333333,0,0,1.33333333333333,1.26315789473684,1.26315789473684,0,0.947368421052632,1.77777777777778,0.5,0.222222222222222,1.5,1.33333333333333,0.666666666666667,0.666666666666667,1.33333333333333,2.22222222222222,0.444444444444444,0.444444444444444,0.888888888888889,0.666666666666667,1.33333333333333,0,2,3,1,0,1,1.8,0,0,0.6,0,0,1,2,1.57894736842105,0.25,0.947368421052632,1.75
Streptococcus phage phiARI0923,Duplodnaviria,BH783_gp21,bacteria,NC_030946,YP_009276883_21,ttgggcaaaaagaacctaataacagcacgaagagattatctcgagtttgaactcaatgataaatacttacagattgacaaattgattggtcaaagaagacatgaattagaacgattgtacgaagtgaaacatctcactgttcctggtattgatgatactggtgcaagcggaagtggcacgttcgtaaataggtctgagaacctagcagttgcttatgcaagcgatccgatggttttaagactggaaaactttcaaacagcaatttcaaagctactcgatgtacttgaacctgatgataaaaaaatctttcatttgaaatggggagaacacactaggtacgattggattcaagtttggcataaaatggagaatggtgacactgggtatctatacaggcacagtaagcagatttacagaagacgtgaaatcattcttgatacacttgcaaagttattgttcatgtaa,1.33333333333333,1,0.666666666666667,1,1.5,0,0.5,2,3,2,1.5,2,0.3,0.6,1,2.1,1.2,0.666666666666667,0.8,1.33333333333333,0,0,1.33333333333333,2.66666666666667,1,0,0,0.5,1.14285714285714,1.14285714285714,0.285714285714286,0.857142857142857,1.45454545454545,0.333333333333333,0.545454545454545,1.66666666666667,3.42857142857143,0,0,0.571428571428571,0.888888888888889,0.888888888888889,0.444444444444444,1.77777777777778,1.14285714285714,0,0.571428571428571,2.28571428571429,3,1.25,0,0.75,1,0,0,1,0,NA,1,NA,1.14285714285714,0.8,1.42857142857143,1.2
Streptococcus phage phiARI0923,Duplodnaviria,BH783_gp22,bacteria,NC_030946,YP_009276884_22,atggcgaaagaaacaggtgtttcacaaaatacaattcatttgtatgaacgacgtggatatccgtcgattaagcaaattgaaatgattgctaaaacatatgatgtaaaccctgcgtggcttgttgggtggatagatgatgaaatgatgcatggagtccaggtcgttgaaaaagtggtctataaagaaagtccaacagcaagattgccggattatttcaataacaataacgaaggtaagattatcaagtgggtcaaaactaaaagatatatgggaggtaaggtttgggcaaaaagaacctaa,1.27272727272727,1,0.727272727272727,1,2.66666666666667,0.666666666666667,0,0.666666666666667,3.6,0,0,2,0.428571428571429,0.428571428571429,1,2.14285714285714,1.33333333333333,0,0.666666666666667,2,1,0,2,1,1.2,0,0,1.2,0,0,0,2,2,0,0,2,1.6,0,1.6,0.8,1.71428571428571,0,0.571428571428571,1.71428571428571,0.4,1.6,0.4,1.6,3,0,0,2,2,0,2,0,0,NA,1,NA,0,2,4,0
Streptococcus phage phiARI0923,Duplodnaviria,BH783_gp23,bacteria,NC_030946,YP_009276885_23,gtgaaattcttggatttattcgcaggaattggcggttttcgtttaggaatggagtctgccggccataaatgtattggcttttgtgaaattgacaagtttgctagagaaagctataaagcgatacacaatacgaaaggagaaatagaattacatgacatcacagcagtatcagatgaatctattcgaggaatcggaagtgtggacattatctgtggaggatttccgtgccaagctttctcaattgcaggaaacagacgaggttttgaagatacacgaggaactttgttctttgaaattgctaggttcgcatctattctcagacctaaatatctattccttgagaatgttaaaggattgctcaatcacgaaaatggagttacattcgagaccattatctcaaccttggatgaactggggtacaacgtggaatggcaagtgcttaacagcaagaatttcggagtcccccaaaatcgggaacgagtgttcattatcggacatcttagaagagaacataccagaagaatttttcctctcagcggaaaaaatcagtcaactagtaaccaatcagtcatgaaaattgggaatataaacccatctggcaacggaatgaatggggaagtctatcaagctgatggtctagctcccacgctaacaacaaacaagggagaggggcaaaagatagctataaaaagcaatactataaaacaatttggggtattgcaacccaattttaatcaatgtggggtggtttacgaaacagacggcatcgcaccaactatcagagcctatcaaggtggaggacttgagcctaaaattattcaacgtgggcatggttataataaaggtggagaacatgacatcgctcctactttaactagcaatagctatcacgaaaacaatcatttatcagatggctttcgaatcagaaagctaacacctaaagaatgctggaggttacaaggttttcctgattgggcttttgacaaagcgcaagaggtcaactctaacagtcaattatataaacaagcaggaaatagcgtgacagttaatgtcatagcagcaatagcaaaggagttatcatga,1.42857142857143,0.740740740740741,0.571428571428571,1.25925925925926,1.68421052631579,0.631578947368421,0.421052631578947,1.26315789473684,2.84210526315789,1.90909090909091,0.631578947368421,0.818181818181818,0.774193548387097,0.870967741935484,1,1.35483870967742,1.875,0.6,0.125,1.4,0.666666666666667,1,0.333333333333333,2,1.57894736842105,0,0.315789473684211,0.631578947368421,0.96,0.72,0.24,0.96,1.41666666666667,0.923076923076923,0.583333333333333,1.07692307692308,1.71428571428571,0.380952380952381,0.380952380952381,1.52380952380952,2,0.6,0.7,0.7,0.444444444444444,1.11111111111111,1.55555555555556,0.888888888888889,0,0.444444444444444,0,1.55555555555556,1.90909090909091,0,0,1.36363636363636,3,0.666666666666667,1,1.33333333333333,1.92,0.857142857142857,1.2,1.14285714285714
Streptococcus phage phiARI0923,Duplodnaviria,BH783_gp24,bacteria,NC_030946,YP_009276886_24,atggtagacaatgtgtttgaggaaatcgccttatcttatcgtaggaatacagaacaacaagaagagttctgcgaaaagcataacatccctttgataaagatattgaggaccgagagtgttgtatgtcgcatgtgtgaatctgagcggattcatgaagaaaatcaggaaagagtgaatgaactggctaatgctgagaatgagcgagagaggaaatactatcttgaaaagttctctctttatgatgaagttttgaaaaatgctactttggacaattttgaaacaccaaccgaaaaagaagcggaaaagctagcttttgcaaagaggatttgtcgtgagtggtctgagggtgctaggaacaacatcgtgttacaaggagaagctggaacaggtaagagccatttggcttttgctatggctaaggctctatctgagtacacgaaagagattgctatttttattaacgtaactgacttgctgatgaagattaaagctgattttagtcaggaagagtttctggtcaataaaattgctagtgctaagttcttggttttggatgatttaggaatggaaaaagatagcgaatggtcatttactattctctacaatatcttgaataagcgttcaaacacaatcattaccacaaatttgatttctgccgatattcaaaaaagatatggcagacctttcatgtccagactaatgaagggtgtagataaagaccatttgatggttttcaatgatttgacaaacaagcgaaagcaatatttttag,0.818181818181818,0.631578947368421,1.18181818181818,1.36842105263158,1.84615384615385,0.923076923076923,0.307692307692308,0.923076923076923,1.5,0.857142857142857,1.875,1.28571428571429,0.333333333333333,0.833333333333333,1,1.83333333333333,1.42857142857143,0,0.571428571428571,2,1.33333333333333,0,0,2.66666666666667,0.75,0.375,0.375,1.125,0.75,0.25,0.75,0.5,1.2258064516129,0.666666666666667,0.774193548387097,1.33333333333333,0.222222222222222,0.444444444444444,0.222222222222222,3.11111111111111,1.71428571428571,0.571428571428571,0,1.71428571428571,1.33333333333333,0.333333333333333,1,1.33333333333333,0,0.75,3,1.25,0.857142857142857,0.428571428571429,0,2.57142857142857,0,0.5,1,1.5,0.75,0.714285714285714,3,1.28571428571429
Streptococcus phage phiARI0923,Duplodnaviria,BH783_gp25,bacteria,NC_030946,YP_009276887_25,gtgctaggtatgtctgaaattaagtggataaaaatcacaaccgatatttttgacgatgaaaagatttgcctgattgatgccttgcctgatcctgatgccatcttagtgatatggttcaagattttgacacttgctggaaaacataacagtaatggtttgttgatgatgactgataaggttcactatacagatgaaatgttagctactatttttcgtagaccattgaatacagtaagaatggctattggagtttttgaacagtttgggatgattgagattatcgatggtattattagcttgccaaattgggaaaaacatcaaaacgttgacggaatggagaaaatcaaggaacagacacgtaaccgtgtagccaaataccgtaaaaaacaaaaaaatcttgctcttggtaacgttacagtaacggacggtaacgcactagaagaagataaagataagaatagattagataaagataagaataagaaaagaataactactactagtagtggtagtgaagaaaatatcttagaactttttcaatctgagtttcgtagactcttatctggatttgaaattgaagaaatcaaccatctactaaatgagaatgatgtggatttggtgaaagaagcattgaagactgctattaactcaggaaagccgaacatcaaatatattggtgggattttaagaaattggcagatgaacaatgttaccactgttgaacaggttcgtcaatcggaaaagaagaacaaggataagaaagaagaacaggaggccaaggacgaatgggggtactag,0.96551724137931,0.952380952380952,1.03448275862069,1.04761904761905,1.5,0.5,0.25,1.75,3,0.6,0,2.4,0.36,0.84,1,1.8,0.888888888888889,0.5,1.11111111111111,1.5,1.6,0,0.8,1.6,0,0,0,3,1,0.25,0.25,1,1.6,0.421052631578947,0.4,1.57894736842105,0.727272727272727,1.45454545454545,0,1.81818181818182,1.33333333333333,0,0.8,1.86666666666667,0.857142857142857,0,1.14285714285714,2,0,1,3,1,0.6,0,0.6,1.8,0,2,1,0,1.5,0.25,2,1.75
Streptococcus phage phiARI0923,Duplodnaviria,BH783_gp26,bacteria,NC_030946,YP_009276888_26,atggaagaattgattgaatcgctggataacctgattatgattgttaaagaactggaaggaagggaatcaacttcaagacattttattacgatatgggaaaacgattataaaaatctattacgagtcaaagaatacctaacagactatgaaaaactagctaaggactatcgtgatgtggagcttaaaaataagctgctaaagattgaaaaaatggagctggaaggcaggtacatctatgaggatatgcgaatgaagtatcgcgctaaccgtaggaagtggggtgctaggtatgtctga,1.09090909090909,1.2,0.909090909090909,0.8,1.33333333333333,0,1.33333333333333,1.33333333333333,0.6,0,2.4,0,0.428571428571429,0.428571428571429,1,2.14285714285714,NA,0,NA,2,NA,NA,NA,NA,1.2,0.6,0,1.2,2,0,2.5,0.5,1.57142857142857,0.666666666666667,0.428571428571429,1.33333333333333,0,0,0,4,1.33333333333333,1.33333333333333,0,1.33333333333333,0,2,1,1,0,0.5,0,1.5,4,0,2,0,3,NA,1,NA,0.5,0,0.5,2
Streptococcus phage phiARI0923,Duplodnaviria,BH783_gp27,bacteria,NC_030946,YP_009276889_27,atgtttgaaccaccgattttagaccagctgatgggggttggagccttgctgcttggatttgcaggggcttgccgtcatatcaaattgcaggaacaacgcaaggaagaagaaagacgagaagagcaagaatttgcgtctatgattatccaagtgcgtaatcatgcatatgaacgtggtagagaggacaaatggcaagaaattcgcaagaatattcgcagagagttcaaaggattcacatatgacaacgaaccgcctgtaggattgcgccctgagctgttagctttgccagaacctaaacagtctgcaatcagatttttgtaa,1.33333333333333,0.666666666666667,0.666666666666667,1.33333333333333,4,0,0,0,2,0,0,0,0,1.28571428571429,1,1.71428571428571,1.14285714285714,0,0.857142857142857,2,1.14285714285714,0,1.14285714285714,1.71428571428571,0.5,2,0,1.5,0,0,1.63636363636364,0.545454545454545,1.46666666666667,2,0.533333333333333,0,1.71428571428571,0.571428571428571,0.571428571428571,1.14285714285714,2.28571428571429,0,1.14285714285714,0.571428571428571,1.33333333333333,0,1.33333333333333,1.33333333333333,3,0,0,2,0,0,0,6,0,2,1,0,1.09090909090909,0.666666666666667,2.72727272727273,1.33333333333333
Streptococcus phage phiARI0923,Duplodnaviria,BH783_gp28,bacteria,NC_030946,YP_009276890_28,atgaacgaaatttttaactttcacgggcaggaagtccgtgctttaaccattgatgacgaaccttggttcgttgggaaggatgttgcggatatcttaggatatgcgaattcaagaaaagcaatttttgaccatgtagatgatgatgataagacagatggggtaacgattcgtgacgccatgggtagaaatcaaaaccctgtcatcatcaacgaatctggtctctactctcttattttatccagtaagttacctcaggctaaggagttcaagcgctgggtgacttcagaggtcttgccagctattcgcaagaagggcggattcatccgtgaggatttggacgaggatgccttcatcgctctattcactggtcagaagaaattgcgtgagcaacaagcgaccatgattgaagatatcgactacctcaagagtgagcaaccgattcatcctagctatgctcaatcattactgaagaagcgcaaagctcgtgtcgtggcttgcttaggtggtattgatagccctgcttatgcggataagatttttgctcagtcagtctttagacaagctgagattgactttaaagaccacttcaacattagtcgctatgacttgctacccaagaagcatgcggatgccgctctagcttactggatgacttgggagccaagcaccaataccaagatgaaaatcatgaaattgaactcatttgacgaagtgtag,0.571428571428571,1.33333333333333,1.42857142857143,0.666666666666667,0.444444444444444,1.77777777777778,0.444444444444444,1.33333333333333,1.5,1.28571428571429,0,1.28571428571429,0,1.10526315789474,1,1.89473684210526,1.2,0.8,0.8,1.2,0.888888888888889,0.444444444444444,0.444444444444444,2.22222222222222,0,2,0,2.5,1,0.666666666666667,0.333333333333333,0.333333333333333,0.857142857142857,0.782608695652174,1.14285714285714,1.21739130434783,0.19047619047619,0.571428571428571,0.952380952380952,2.28571428571429,0.727272727272727,0.363636363636364,1.09090909090909,1.81818181818182,0.666666666666667,1.66666666666667,1,0.666666666666667,0,0.857142857142857,3,1.14285714285714,2.14285714285714,0.428571428571429,0,0.857142857142857,0,2,1,0,2,0.923076923076923,1.66666666666667,1.07692307692308
Streptococcus phage phiARI0923,Duplodnaviria,BH783_gp29,bacteria,NC_030946,YP_009276891_29,atgactgaaagaatttgttttattgtaactgctatcggtgaatctggaacagaaactagagatagagcagatgaggttttttcttacctgatagccccagtctgtgaggaattaggatataagccagtacgagttgaccaagtagatgcagttgataatatcaatgaaactattatcaactaccttaagactgcccctatggttgtagcagatatgacaggacacaatccgaatgcattttatgaattaggatttcgacaagcaaaagaactccccttagttcctatcatacaagcaggtaatggacttccttttgatgttatatcccaaagaactgttttctataacctttctgttggaaaaatcgagcaatccaaaagagaattgaaagctaaaatgaaaagctttgaaaactttgaaatgcctgaaagtcgcattgataaaagcgttacattagaagagcttgatgacaagctaactaaaaaactaaacaagatactaaatctgttagaaagccaacagtcttattcttctcgcatacacacgtatgattttaatgcgaagccaacaataggtgaccatcagtcaattacgcaacgagttcaagagataatcaatcagactcacaaccgtccactattccccgaagataagaaatag,1.25,0.769230769230769,0.75,1.23076923076923,1.14285714285714,0,0.571428571428571,2.28571428571429,2.72727272727273,1.38461538461538,0,0.461538461538462,1.16666666666667,1,1,0.833333333333333,1.45454545454545,1.5,0.545454545454545,0.5,1.45454545454545,0.727272727272727,0.363636363636364,1.45454545454545,1.63636363636364,1.09090909090909,0,0.545454545454545,1.41176470588235,0.352941176470588,0.705882352941177,1.41176470588235,1.47368421052632,0.461538461538462,0.526315789473684,1.53846153846154,2.18181818181818,0.727272727272727,0.363636363636364,0.727272727272727,2.66666666666667,0,0,1.33333333333333,1.06666666666667,0.266666666666667,0,2.66666666666667,0,0.571428571428571,3,1.42857142857143,0.461538461538462,0.923076923076923,0,2.76923076923077,0,0,NA,2,1.76470588235294,0.4,0.352941176470588,1.6
Streptococcus phage phiARI0923,Duplodnaviria,BH783_gp30,bacteria,NC_030946,YP_009276892_30,atgagtaaagaactaaagataatcaaggctaaaatcaaaactcgtttgattgagctggatatgactcaatccgagttggcaaaacaagtattcgtcgcaccttcggtcatttcagaactgctgaagtatggcaaagggagtgattatgtgaaagaaaaagtcgtagatattttgggtattgaaaacccttggataaatcactga,1.4,1,0.6,1,0,0,0,4,0,0,0,2.4,0.75,0.75,1,1.5,2,2,0,0,0,0,0,4,0,0,0,6,0.857142857142857,0,2.57142857142857,0,1.33333333333333,0,0.666666666666667,2,2.66666666666667,0,0,1.33333333333333,0,1.33333333333333,1.33333333333333,1.33333333333333,1.33333333333333,2,0.666666666666667,0,0,0,0,2,1.2,1.2,1.2,0,3,NA,1,NA,0,2,2.57142857142857,0
Streptococcus phage phiARI0923,Duplodnaviria,BH783_gp31,bacteria,NC_030946,YP_009276893_31,atgaaatcttcattttttcactatctaaaggaaatcatcttatatggtgtcctagttccgattttggcagttatcgtaggatttcacctttttactaccttctatcctatttctgattcactgttaacagatttcttgaaagcttttacagaacaaagaattcttgctattgtattcgttcttattctttgctttatatttttcggttcaatttattactgtatttcatgtggacgaaatagaaaattgatacctgataaagtttatacacaaatcacaacttacatttcatctgtaggtttagggactgcagtgatagctgtcgctaccttgactctcacagaattacagttttcaatccttacaggttggattgcttttatcgctttgttgttgccacttctgaagtttaaagtccaatacagcacctatcagagtagcgacaatgtagcacagaaaactaccgaaaacaaagccaattaa,1.55555555555556,0.5,0.444444444444444,1.5,1.6,1.06666666666667,0,1.33333333333333,4,1,0,0.5,0.5,1,1,1.5,1,2,1,0,1,0,1,2,2,0,0,0,0.545454545454545,0.272727272727273,0.545454545454545,1.63636363636364,2,0.5,0,1.5,1.2,0.4,0,2.4,1.14285714285714,0,0.571428571428571,2.28571428571429,1.33333333333333,1,0.333333333333333,1.33333333333333,3,0.666666666666667,0,1.33333333333333,3,0,0,1.5,0,0.666666666666667,1,1.33333333333333,1.09090909090909,0.571428571428571,1.90909090909091,1.42857142857143
Streptococcus phage phiARI0923,Duplodnaviria,BH783_gp32,bacteria,NC_030946,YP_009276894_32,atgttttctttgttcgaaaaaataaaagaactttgccaaaatcgtggaatttctataaattctcttgaagaaacattaggatatagtagaaatacaatctatagtatgaaaaacaaaaaaccaaatgctgaacgtcttcaagaaattgctgactacttcaacgtgtccacagattatttacttggtcgcacggataatcctgctattgctggtgattcaaaagagtacacttggcaagggaagaccctaaatgttgaagaaatggcatctaatgtcatgatgtttggtggtcgagaattaacagatgaaaagaagaaaatcatccagtctatcattgaaggttatctcaaagaagctggtgattag,1.45454545454545,0.444444444444444,0.545454545454545,1.55555555555556,2.28571428571429,0.571428571428571,0.571428571428571,0.571428571428571,1.2,0,0,1.33333333333333,0.6,1.2,1,1.2,1.5,NA,0.5,NA,2,0,0,2,1.2,1.2,0,2.4,0.6,0.6,0,2.4,1.84615384615385,0.333333333333333,0.153846153846154,1.66666666666667,0.666666666666667,0,0,3.33333333333333,0.888888888888889,0,0.444444444444444,2.66666666666667,0,1.33333333333333,1.33333333333333,1.33333333333333,0,0.666666666666667,3,1.33333333333333,0.666666666666667,0.666666666666667,0,3.33333333333333,0,2,1,0,1.8,1,0.6,1
Streptococcus phage phiARI0923,Duplodnaviria,BH783_gp33,bacteria,NC_030946,YP_009276895_33,gtgaccgaaaaagaaattataagtcattttcaggttcgcattgtcgattttgacggtgagctaatacctgatgaacttggattttacgaaaaagaaaccaatacagctttcttatctaataaactcagcaaaaaagagagagttaaggtactactgcatgaactcggacacaaagaccacacacgctcagagtaccagaacgctcgcctacgctgtgaaaacaaagctgataggaatatgatccatcatctcgtaaaagacgcactagaaagcttggatgaccccacagagtttgattacctcaaattcatgtcctactacaatcttaaaaccatgactaatgaagtcatggtaaaagaggaatactttgcattgatggagtga,1.83333333333333,0.571428571428571,0.166666666666667,1.42857142857143,1.71428571428571,1.71428571428571,0,0.571428571428571,1,2,1,1,1.2,0.6,1,1.2,0,0.666666666666667,2,1.33333333333333,0,2,0,2,0,4,0,0,1.71428571428571,1.71428571428571,0.428571428571429,0.857142857142857,1.25,0.888888888888889,0.75,1.11111111111111,1.6,0,0,2.4,2.66666666666667,0,0,1.33333333333333,1.5,1,0.5,1,0,2,0,0,1,1,0,1,3,0,NA,2,0.428571428571429,0.571428571428571,0.857142857142857,1.42857142857143
Streptococcus phage phiARI0923,Duplodnaviria,BH783_gp34,bacteria,NC_030946,YP_009276896_34,atgtcttactcgtatgttgctttagatgttgaaactgcgaatgactttcgcggtagtgtttgttctatcggattagtaaaatttaaagatgggaatattgttgatacattttacaccttaatcaatccagaagaagaatttgatgatttcaatattttcatccatggcattactcctgaagatgttcttgattcacctacattcccagaagtaagaaagtccattgttgattttattggtttagatatagttgtagcccactttgcacagtttgatatgggtgctcttaaagacgtataccaaaaatacgagctagattttgataatatagaatacatttgttcgtatcgattagccaaggttgctctccctggacaattgaattacaaactaaaaagactagctaaaaatttgaatattgagctagatcaccataacgctctatcagatgcacgagcaagcggattgattttagaatacttgctatccacaaattcattttccgacctcaccgcttttttaaaagaatatagatacaataaaactggcttactcggtcagtatggatttaaaaggaaaaaaggttatcaatacaaggaaaaccttatctatcagcctacagaagaagaaaaagcagcaatgaacccagaccattacttttacggtttgtacttttgctttactggaaaactcgagcgaatgactagaaaagaagctaacaaagctgctgcgttagttggtggtattcctgaaaaaggagtgaccaaacacactaatatcttagttgttggggaacaagattggagagttgttggcacagatggattaagcagtaaaatgaaaaaagcacaaaccttattagaaaaaggtcaagatattgaaatcatgacagaaaatgattttataagattgcttgaggaatag,1.76,0.5,0.24,1.5,1.5,1,0,1.5,3.27272727272727,0.857142857142857,0.545454545454545,0.857142857142857,0.473684210526316,0.947368421052632,1,1.57894736842105,1.33333333333333,1,0.666666666666667,1,1.5,0,0,2.5,1.63636363636364,0.545454545454545,0,0,1.09090909090909,0.727272727272727,0,0.727272727272727,1.66666666666667,0.363636363636364,0.333333333333333,1.63636363636364,1.26315789473684,0.421052631578947,0.421052631578947,1.89473684210526,1.33333333333333,0.571428571428571,0.380952380952381,1.71428571428571,0.888888888888889,0,0.222222222222222,2.88888888888889,0,1.33333333333333,3,0.666666666666667,1.28571428571429,1.28571428571429,0.857142857142857,0.857142857142857,0,0.666666666666667,1,1.33333333333333,2.36363636363636,0.333333333333333,1.09090909090909,1.66666666666667
Streptococcus phage phiARI0923,Duplodnaviria,BH783_gp35,bacteria,NC_030946,YP_009276897_35,atgaaatataataaaacaaaatacccaaatatctattactatgagactgctaaaggcaagcgttactatgtcagacgttcttttttcttccgaggtaaaaaaagagaaaaaagtaaaagtggtttcacaactctccctcaagctcgtgcagccttggtagagcttgagcaacaaatccaagaacaagaattaggtatcaatacgaatctaacgcttgatcaatattgggatatctattccgaaaagagattgtcaacagggcgctggaatgacacttcatactacctcaatgacaatctctataataaccatatcaaggcaaagtttggttctatcctgcttaaaaatttggatagaaatgagtatgaactctttatagctgaaaagttgcagaaccataccagatacactgttcaaaccctcaattccagcttcatggcattgctgaatgatgccgtgaaaaatggtaatctgctctcaaatcgcttgaaaggtgtctttattggccagagtgatattcctgcagctaacaagaaagtgactctcaaagagttcaagacttggatagcaaaggcagaagagattatgccaaaacaattctacgctctgacctatctgacaattttcggattgagaagaggagaagtctttggattgcgtccaatggacatcactcagaacgacagcggacgggctatactgcatcttagagacagtcgaagcaaccagaccttaaaagggaaaggagggcttaaaacgaaggattcagagcgatatgtctgccttgatgatatcggaacagacctgatctattatctgatagctgaagcttctaagattaagcgaaagttaggaattatcaaggaacagcacaaggattatataactatcaacgagaaaggtggtctcatcaatccaaaccagctaaatagaaacttcaatctagtgaatgaagcaacaggattgcatgtaacacctcacatgatgcgccacttcttcacgactcaaagcattattgcaggggttccgcttgaacaattaagccaggcgctgggccatacaaaagtctatatgaccgatcgttacaatcaagtagaggacgaacttgctgaagcgacaacagacctatttcttagtcatattcgctaa,1.15151515151515,0.571428571428571,0.848484848484849,1.42857142857143,1.42857142857143,0.714285714285714,0.571428571428571,1.28571428571429,2.34782608695652,1.57894736842105,0,1.57894736842105,0.576923076923077,1.38461538461538,1,1.03846153846154,1.22222222222222,0.666666666666667,0.777777777777778,1.33333333333333,2,0,0.5,1.5,1.04347826086957,1.04347826086957,0.260869565217391,1.30434782608696,0.558139534883721,1.11627906976744,1.25581395348837,1.25581395348837,1.21739130434783,0.888888888888889,0.782608695652174,1.11111111111111,1.52380952380952,0.380952380952381,0.380952380952381,1.71428571428571,1.39130434782609,0.521739130434783,0.695652173913043,1.39130434782609,0.923076923076923,1.53846153846154,0.923076923076923,0.615384615384615,3,0.727272727272727,0,1.27272727272727,1.26315789473684,0.631578947368421,0,0.947368421052632,0,2,1,0,0.558139534883721,1.25,1.25581395348837,0.75
