virus,realm,locus_tag,host,type,shape,AAA,AAC,AAG,AAT,ACA,ACC,ACG,ACT,AGA,AGC,AGG,AGT,ATA,ATC,ATG,ATT,CAA,CAC,CAG,CAT,CCA,CCC,CCG,CCT,CGA,CGC,CGG,CGT,CTA,CTC,CTG,CTT,GAA,GAC,GAG,GAT,GCA,GCC,GCG,GCT,GGA,GGC,GGG,GGT,GTA,GTC,GTG,GTT,TAA,TAC,TAG,TAT,TCA,TCC,TCG,TCT,TGA,TGC,TGG,TGT,TTA,TTC,TTG,TTT
Hubei tetragnatha maxillosa virus 6,Riboviria,BVA99,invertebrates,RNA,linear,1.19148936170213,1.10204081632653,0.808510638297872,0.897959183673469,1.68421052631579,1.01052631578947,0.505263157894737,0.8,1.89473684210526,0.792452830188679,1.89473684210526,0.39622641509434,1.46590909090909,1.02272727272727,1,0.511363636363636,1.15384615384615,1.06976744186047,0.846153846153846,0.930232558139535,1.2093023255814,1.2093023255814,0.651162790697674,0.930232558139535,0.473684210526316,1.02631578947368,0.157894736842105,0.552631578947368,0.848484848484849,1.15151515151515,0.96969696969697,0.363636363636364,1.04878048780488,0.9,0.951219512195122,1.1,0.962025316455696,0.911392405063291,0.759493670886076,1.36708860759494,1.34939759036145,1.10843373493976,0.771084337349398,0.771084337349398,1.14285714285714,1.10204081632653,1.22448979591837,0.530612244897959,1.5,0.918032786885246,0.75,1.08196721311475,1.9811320754717,1.0188679245283,0.622641509433962,1.18867924528302,0.75,1.36842105263158,1,0.631578947368421,1.51515151515152,1.19298245614035,1.15151515151515,0.807017543859649
