virus,realm,locus_tag,host,type,shape,accession,protein_id,coding,AAA,AAC,AAG,AAT,ACA,ACC,ACG,ACT,AGA,AGC,AGG,AGT,ATA,ATC,ATG,ATT,CAA,CAC,CAG,CAT,CCA,CCC,CCG,CCT,CGA,CGC,CGG,CGT,CTA,CTC,CTG,CTT,GAA,GAC,GAG,GAT,GCA,GCC,GCG,GCT,GGA,GGC,GGG,GGT,GTA,GTC,GTG,GTT,TAA,TAC,TAG,TAT,TCA,TCC,TCG,TCT,TGA,TGC,TGG,TGT,TTA,TTC,TTG,TTT
Bhendi yellow vein mosaic virus,Monodnaviria,BYVMVgp1,land plants,ss-DNA,circular,NC_003418,NP_579971_1,atgtgggatccactattaaacgaatttccggatacggttcacgggtttcgttgtatgctatctctaaaatatttgcaacttttgtcgcaggattattctccagatacgcttgggtacgagttaatacgggatttaatttgtattttacgttcccgtaattatgtcgaagcgagctgccgatatcgtcatttctacgcccgcgtcgaaagtacgccggcgtctgaacttcggcagcccatacaccagccgtgctgctgcccccattgtccgcgtcacaaaacaacaggcatggacaaacaggcctatgaacaggaaacccagaatgtaccggatgtacagaagtccggatgttccaaggggatgtga,3,1,2,2,2,1,3,0,0,1,0,1,2,0,4,2,1,3,7,2,2,2,5,0,1,1,2,5,3,0,0,3,6,1,1,6,0,2,2,0,1,1,3,0,2,2,0,1,0,2,0,5,0,3,1,3,1,4,1,4,4,1,2,2
Bhendi yellow vein mosaic virus,Monodnaviria,BYVMVgp2,land plants,ss-DNA,circular,NC_003418,NP_579972_2,atgtcgaagcgagctgccgatatcgtcatttctacgcccgcgtcgaaagtacgccggcgtctgaacttcggcagcccatacaccagccgtgctgctgcccccattgtccgcgtcacaaaacaacaggcatggacaaacaggcctatgaacaggaaacccagaatgtaccggatgtacagaagtccggatgttccaaggggatgtgagggtccctgtaaggtacagtcgtttgagtctcgacacgatgtcgttcatattggtaaggtaatgtgtatttcggatgttacgcgtggagtcggtttgacccatcgtataggtaagcgtttttgtgtcaagtcagtttatgttttaggtaagatatggatggacgagaacatcaagacgaagaaccatacgaattcggtgatgtttttccttgttcgtgatcgacgaccggtagataaaccacaagattttggtgaagtatttaatatgtttgataatgagcccagtacggcgaccgtgaagaacatgcatagggatcgttaccaggtgttgaggaaatggcatgcaaccgttactggtggtcaatatgcagcgagggaacaggcgttggttaagaaatttgtcagggttaacaattatgttgtttacaaccagcaggaggcaggaaaatacgagaatcacaccgagaatgcattgatgctttatatggcttgtacccatgctagtaacccagtgtatgctacgcttaagattcggatttatttttatgactctgtaacgaattga,7,9,11,7,2,6,7,1,2,2,7,3,2,2,11,6,3,2,6,6,4,5,2,1,4,2,3,7,0,0,1,3,2,2,7,9,5,2,4,6,3,1,0,8,6,7,4,11,0,6,0,7,1,0,5,3,1,0,3,5,1,2,4,8
Bhendi yellow vein mosaic virus,Monodnaviria,BYVMVgp3,land plants,ss-DNA,circular,NC_003418,NP_579973_3,atgggtacaagccatataaagcatcaatgcattctcggtgtgattctcgtattttcctgcctcctgctggttgtaaacaacataattgttaaccctgacaaatttcttaaccaacgcctgttccctcgctgcatattgaccaccagtaacggttgcatgccatttcctcaacacctggtaacgatccctatgcatgttcttcacggtcgccgtactgggctcattatcaaacatattaaatacttcaccaaaatcttgtggtttatctaccggtcgtcgatcacgaacaaggaaaaacatcaccgaattcgtatggttcttcgtcttgatgttctcgtccatccatatcttacctaa,5,6,2,0,1,4,2,1,0,1,0,1,3,5,4,6,3,3,0,6,2,0,0,4,1,3,1,3,0,5,4,5,1,1,0,1,0,0,0,0,0,0,1,4,3,1,1,5,1,2,0,1,0,1,2,0,0,4,1,0,0,2,2,4
Bhendi yellow vein mosaic virus,Monodnaviria,BYVMVgp4,land plants,ss-DNA,circular,NC_003418,NP_579974_4,atggattctcgcacaggggaacgcatcactgcagctcaagcaaagaatggcgtctatatctggaaggttccaaatcccctctatttcaagatcctcaaccacgacaaccgtccattcacgacgaacatggacataataacactcaggatccatttcaactacaacctacggaaagctctgggaatacacaagtgttttctaaccttccgaatctggacgaccttacaccctccgactggtcttttcttaagggtattcaaaacccaagtcctcaaatatctcaataatctaggtgtaatctcacttaatttagttattaaagccgtcgaacatgtattgtacaatgtagttaatcagacaatgtatgtagaccaatattcagatataaaattcaaactttattaa,6,5,4,7,3,3,3,2,0,0,2,0,4,6,3,1,3,3,1,2,2,1,1,1,1,2,1,1,3,5,1,3,2,3,0,2,2,1,0,2,1,1,1,2,5,3,0,3,1,2,0,6,2,0,0,1,0,0,2,1,3,7,1,1
Bhendi yellow vein mosaic virus,Monodnaviria,BYVMVgp5,land plants,ss-DNA,circular,NC_003418,NP_579975_5,atgcagcattcgtctttctcacccaaccgttgtactcgggtaccaatcaaagttcaacacaaggaagcgaagcgagtgcacaggaggagacgagtggaccttgaatgcggatgcagttattatcttagcatcaactgccacaaccatggattctcgcacaggggaacgcatcactgcagctcaagcaaagaatggcgtctatatctggaaggttccaaatcccctctatttcaagatcctcaaccacgacaaccgtccattcacgacgaacatggacataataacactcaggatccatttcaactacaacctacggaaagctctgggaatacacaagtgttttctaaccttccgaatctggacgaccttacaccctccgactggtcttttcttaagggtattcaaaacccaagtcctcaaatatctcaataa,3,6,3,3,2,0,2,2,1,4,3,2,1,2,1,2,10,6,2,5,4,2,2,4,3,0,1,2,3,0,2,5,6,5,0,2,0,0,1,0,4,0,1,2,1,0,3,1,1,0,0,3,2,4,2,5,0,4,2,1,0,2,0,4
Bhendi yellow vein mosaic virus,Monodnaviria,BYVMVgp6,land plants,ss-DNA,circular,NC_003418,NP_579976_6,atgcctccaaggcgttttgtcatcaattccaaaaattatttccttacttatccacaatgctctcttaataaagaagaggcattatcccaactacaaaatatacaaaccccaacaaataaaaaatacataaagatctgcagtgagcttcatgaaaatggggaacctcatcttcacgtgctcatccagttcgaaggaaaatacaagtgccagaatcagagattcttcgacttggtcgccacaaacaggtcagcacatttccatccaaacattcagggagctaaatccagctccgacgtcaagtcctatatcgacaaggacggagatacccttgaatggggggaattccagatcgacggcagatctgcaaggggaggacaacaatcagccaatgacgcttacgcggcagcacttaacacaggaagtaaggcagaggctcttagagttcttaaagaattagcccccaaagattatgtcttacaatatcataatttaaattcaaatttagataggatttttactcctcctcaggaggtttatgtttgtccatttttatcttcttcttttgatcaagttccagaagaacttgaagagtgggcgtcggagaacgtcatggacgccgctgcgcggcctcagagacctttgagtttagttctagagggggagtctagaactgggaaaacacaatgggcccgttccttggggccacataattatttatgtgggcacttggatctaagccctaaagtgtattcaaacgatgcgtggttcaacattatagatgatgttgacccgcattatctgaaacactttaaagaattcatgggggcccaaagggactggcaatcaaacacaaagtacgggaagccagttcaaattaaaggaggcattccaacaatcttcctctgcaatccaggccccaacgcaagctataaagagtttttagacgaggaaaagaactcagctttgaaagcgtgggctttaaaaaatgcagcattcgtctttctcacccaaccgttgtactcgggtaccaatcaaagttcaacacaaggaagcgaagcgagtgcacaggaggagacgagtggaccttga,16,9,8,15,7,4,1,3,5,4,5,6,3,6,3,5,15,3,8,7,10,2,2,8,0,0,1,2,3,3,1,9,13,10,12,8,10,6,6,6,9,3,8,1,0,6,2,7,0,5,0,10,7,6,2,6,1,4,6,2,10,10,6,7
Bhendi yellow vein mosaic virus,Monodnaviria,BYVMVgp7,land plants,ss-DNA,circular,NC_003418,NP_579977_7,atgaaaatggggaacctcatcttcacgtgctcatccagttcgaaggaaaatacaagtgccagaatcagagattcttcgacttggtcgccacaaacaggtcagcacatttccatccaaacattcagggagctaaatccagctccgacgtcaagtcctatatcgacaaggacggagatacccttgaatggggggaattccagatcgacggcagatctgcaaggggaggacaacaatcagccaatgacgcttacgcggcagcacttaacacaggaagtaaggcagaggctcttagagttcttaaagaattag,1,2,2,6,5,0,6,1,3,0,4,3,2,3,3,1,3,2,5,0,3,1,1,1,0,0,1,0,1,2,1,1,2,1,4,2,1,1,0,1,0,0,4,1,1,0,0,0,0,0,1,0,2,3,5,1,0,1,1,0,3,3,1,0
