virus,realm,locus_tag,host,type,shape,accession,protein_id,coding,AAA,AAC,AAG,AAT,ACA,ACC,ACG,ACT,AGA,AGC,AGG,AGT,ATA,ATC,ATG,ATT,CAA,CAC,CAG,CAT,CCA,CCC,CCG,CCT,CGA,CGC,CGG,CGT,CTA,CTC,CTG,CTT,GAA,GAC,GAG,GAT,GCA,GCC,GCG,GCT,GGA,GGC,GGG,GGT,GTA,GTC,GTG,GTT,TAA,TAC,TAG,TAT,TCA,TCC,TCG,TCT,TGA,TGC,TGG,TGT,TTA,TTC,TTG,TTT
Canine morbillivirus,Riboviria,CDVgp1,vertebrates,ss-RNA,linear,NC_001921,NP_047201_1,atggctagccttcttaaaagcctcacactgttcaagaggactcgggaccaaccccctcttgcctctggctccgggggagcaataagaggaataaagcatgtcattatagtcctaatcccgggtgattcaagcattgttacaagatctcgactattggatagacttgttaggttggttggtgatccaaaaatcaacggccctaaattaactgggatcttaatcagtatcctctccttgtttgtggaatcccctggacagttgatccagaggatcatagacgaccctgatgtaagcatcaagttagtagaggtaataccaagcatcaactctgcttgcggtcttacatttgcatccagaggagcaagtctggattctgaggcagatgagttcttcaaaattgtagacgaagggtcgaaagctcaagggcaattaggctggttagagaataaggatatagtagacatagaagttgataatgctgagcaattcaatatattgctagcttccatcttggctcaaatttggatcctgctagctaaagcggtgactgctcctgatactgcagccgactcggagatgagaaggtggattaagtatacccagcaaagacgtgtggtcggagaatttagaatgaacaaaatctggcttgatattgttagaaacaggattgctgaggacctatctttgaggcgattcatggtggcgctcatcttggacatcaaacgatccccagggaacaagcctagaattgctgaaatgatttgtgatatagataactacattgtggaagctgggttagctagtttcatcctaactatcaagtttggcattgaaactatgtatccggctcttgggttgcatgagttttccggagaattaacaactattgaatccctcatgatgctatatcaacagatgggtgaaacagcaccgtacatggttatcttggaaaactctgttcaaaacaaatttagtgcagggtcctacccattgctctggagttatgctatgggggttggtgttgaacttgaaaactccatgggagggttaaatttcggtcgatcttactttgacccagcttacttcagactcgggcaagaaatggttaggagatctgccggcaaagtaagctctgcacttgccgccgagcttggcatcaccaaggaggaagctcagctagtgtcagaaatagcatccaagacaacagaggaccggacaattcgagctactggtcctaagcaatcccaaatcacttttctgcactcggaaagatccgaagtcgccaatcaacaacccccaaccatcaacaagaggtccgaaaaccagggaggagacaaataccccattcacttcagtgacgaaaggcttccagggtataccccagatgtcaacagttctgaatggagtgagtcacgctatgacacccaaattatccaagatgatggaaatgacgatgatcggaaatcgatggaagcaatcgccaagatgaggatgcttactaagatgctcagtcaacctgggaccagtgaagataattctcctgtttatagtgataaagagctactcaattaa,13,12,13,8,8,6,0,10,12,6,10,11,10,22,17,15,16,2,6,2,8,3,3,9,5,1,3,1,9,8,4,12,23,14,13,19,10,7,2,17,10,6,13,7,6,5,6,11,1,6,0,7,3,14,4,11,0,1,6,1,8,9,11,8
Canine morbillivirus,Riboviria,CDVgp2,vertebrates,ss-RNA,linear,NC_001921,NP_047202_2,atggcagaggaacaggcctaccatgtcagcaaagggctggaatgcctcaaagccctcagagagaatcctcctgacattgaggagattcaagaggtcagcagcctcagagaccaaacctgcaacccaggccaagagaatggaaccacaggcatgcaggaagaggaggactctcagaatctcgatgaatcacacgagccaacaaaaggatcaaactatgtcggccatgtacctcaaaataatccgggatgtggagaacgcaatactgcgcttgtggaggcggagcggccccctagagaggacatccaaccaggacctggaatacgatgtgatcatgtttatgatcacagcggtgaagaggttaagggaatcgaagatgctgacagtctcgtggtacctgcaggcactgtcggtaatcgaggattcgagagaggagaaggaagccttgatgatagcactgaggattctggcgaagattattccgaaggaaatgcttcatctaactggggatattctttcggccttaaaccggacagagcagctgatgtgagcatgctgatggaagaggaattaagtgctctactcaggacaagcagaaatgtagggattcagaaaagggatgggaagactctgcagttcccacataatcccgaaggtaagacaagggatccggagtgtggatccattaaaaagggcacagaagagaggtcagtctcacatggaatggggatagttgctggatcgacaagtggtgcaacccaatctgcactcaagtcaactgggggatcatcagagccaagtgtttctgcggggaatgtccgccaacctgcaatgaatgcaaagatgacccagaaatgcaaactcgagtctggcacgcaactccctcccaggacctcaaatgaggctgagtctgacagtgagtacgatgatgagcttttctctgagatacaagaaattcgatctgccattactaaactaactgaagataatcaagcaatacttactaaactggataccttattactgcttaaaggagagactgattcaattaagaaacaaatcagcaaacaaaatattgctatttccacgattgaggggcatctatcaagcattatgatagctatacctggttttggaaaggacacgggagatcctacggcaaatgtcgacattaacccagagctccgccctatcatagggagagattcaggaagagcactagcagaagttctcaagcagcccgcatcatcccgcggtaatcggaaggacagtggtattactctgggctcaaaaggtcaactattgagagacctccagctgaaacccattgacaaagagtctagctcggcaatcggatacaaaccgaaggataccgcaccttccaaagctgtacttgcatcattgattagatcaagcagagttgatcaaagtcacaaacataacatgctggctctgctcaaaaatatcaagggggatgacaacctaaacgagttctaccaaatggtcaaaagtattactcatgcttaa,21,7,12,18,6,7,4,11,11,12,5,8,7,6,10,16,15,3,8,8,6,5,4,12,3,4,2,0,6,13,9,7,17,13,30,21,15,3,3,11,21,9,9,8,4,8,3,6,1,4,0,4,16,5,2,11,0,3,1,3,3,5,2,1
Canine morbillivirus,Riboviria,CDVgp3,vertebrates,ss-RNA,linear,NC_001921,NP_047203_3,atgtcagcaaagggctggaatgcctcaaagccctcagagagaatcctcctgacattgaggagattcaagaggtcagcagcctcagagaccaaacctgcaacccaggccaagagaatggaaccacaggcatgcaggaagaggaggactctcagaatctcgatgaatcacacgagccaacaaaaggatcaaactatgtcggccatgtacctcaaaataatccgggatgtggagaacgcaatactgcgcttgtggaggcggagcggccccctagagaggacatccaaccaggacctggaatacgatgtgatcatgtttatgatcacagcggtgaagaggttaagggaatcgaagatgctgacagtctcgtggtacctgcaggcactgtcggtaatcgaggattcgagagaggagaaggaagccttgatgatagcactgaggattctggcgaagattattccgaaggaaatgcttcatctaactggggatattctttcggccttaaaccggacagagcagctgatgtga,2,3,11,2,5,2,1,3,5,2,10,0,3,6,11,4,3,1,5,1,1,2,1,1,0,1,3,0,2,3,9,2,5,1,8,5,7,6,2,0,0,2,1,0,1,1,3,0,0,3,0,0,5,1,7,0,1,1,3,0,2,1,3,1
Canine morbillivirus,Riboviria,CDVgp4,vertebrates,ss-RNA,linear,NC_001921,NP_047204_4,atgactgaggtgtacgacttcgatcagtcctcttggtacaccaaaggctcattggcccctattttgcctaccacttatcccgatggtaggctcataccccaagtcagagtaatagatccaggactcggcgatcggaaagatgaatgcttcatgtatattttcttaatgggtataatagaagacaatgatggcctcggacctccaattggaagaacatttggatcgctgcctttaggagttgggcgtactacagccagacctgaggagttattgaaagaagccaccctgttggatattatggtaaggcgaactgcaggtgtcaaggaacaactggtattttataataacaccccattgcacatcttaactccgtggaaaaaggtccttacgagtggaagtgtgttcagtgcaaatcaagtctgtaacacagtcaatctaataccattagacatagcacaaagattcagggtggtatatatgagcatcactcgactatcagacgatggaagttacagaattccccgcgggatgtttgaattccgctccaggaatgctttagcatttaacattttagtcaccattcaagttgagggagatgtcgattcaagccgaggtaatttgggcatgttcaaagatcaccaagcgacattcatggtacatatcggcaatttctgccgcaagaaaaaccaagcctactctgctgattattgtaaactgaaaattgaaaagatgggattagtgtttgctctaggagggataggaggaacgagtcttcacatacgatgtactggtaagatgagcaaggccttgaatgcccagctaggtttcaagaaaatcctgtgttacccgctcatggagatcaatgaagatttgaatagatttctatggagatcagagtgcaaaatagtaagaatccaagcagtcctgcaaccatcagtcccacaggatttcagagtttataatgatgttatcatcagcgatgatcagggtcttttcaaaattctctaa,11,4,7,11,4,5,2,7,9,4,4,5,9,8,11,9,9,3,4,1,6,3,2,5,4,3,1,1,5,5,6,3,7,4,6,17,5,6,1,3,12,5,3,7,6,9,4,4,1,5,0,6,5,2,1,2,0,3,3,4,8,12,8,6
Canine morbillivirus,Riboviria,CDVgp5,vertebrates,ss-RNA,linear,NC_001921,NP_047205_5,atgcacaagggaatccccaaaagctccaaaacccaaacacatacccaacaagaccgccccccacaacccagcaccgaactcgaagagaccaggacctcccgagcacgacacagcacaacatcagctcagcgatccacgcactacgatcctcgaacatcggacagacccgtctcctacaccatgaacaggaccaggtcccgcaagcaaaccagccacagattgaagaacatcccagttcacggaaaccacgaggccaccatccagcacataccagagagtgtctcaaaaggagcgagatcccagatcgaaaggcggcaacccaatgcaatcaactcaggctctcagtgcacctggttagtcctgtggtgcctcggaatggccagtctctttctttgttccaaggctcagatacattggaataatttgtcaactattgggattatcgggactgatagtgtccattacaagatcatgactaggcccagtcaccagtacttggtcataaaactgatgcctaatgtttcacttatagagaattgtaccaaagcagaattaggtgagtatgagaaattattgaattcagtcctcgaaccaatcaaccaagctttgactctaatgaccaagaatgtgaagcccctgcagtcattagggtcaggtaggagacaaaggcgttttgcaggagtggtacttgcaggtgtagctttaggagtggctacagctgcacaaatcactgcaggaatagctttacatcaatccaacctcaatgctcaagcaatccaatctcttagaaccagccttgaacagtctaacaaagctatagaagaaattagggaggctacccaagaaaccgtcattgccgttcagggagtccaggactacgtcaacaacgaactcgtccctgccatgcaacatatgtcatgtgaattagttgggcagagattagggttaagactgcttcggtattatactgagttgttgtcaatatttggcccgagtttacgtgaccctatttcagccgagatatcaattcaggcactgatttatgctcttggaggagaaattcataagatacttgagaagttgggatattctggaagtgatatgattgcaatcttggagagtcgggggataaaaacaaaaataactcatgttgatcttcccgggaaattcatcatcctaagtatctcatacccaactttatcagaagtcaagggggttatagtccacagactggaagcagtttcttacaacataggatcacaagagtggtacaccactgtcccgaggtatattgcaactaatggttacttaatatctaattttgatgagtcatcttgtgtattcgtctcagagtcagccatttgtagccagaactccctgtatcccatgagcccactcttacaacaatgtattaggggcgacacttcatcttgtgctcggaccttggtatctgggactatgggcaacaaatttattctgtcaaaaggtaatatcgtcgcaaattgtgcttctatactatgtaagtgttatagcacaagcacaattattaatcagagtcctgataagttgctgacattcattgcctccgatacctgcccactggttgaaatagatggtgctactatccaagttggaggcaggcaataccctgatatggtatacgaaggcaaagttgccttaggccctgctatatcacttgataggttagatgtaggtacaaacttagggaacgcccttaagaaactggatgatgctaaggtactgatagactcctctaaccagatccttgagacggttaggcgctcttcctttaattttggcagtctcctcagtgttcctatattaagttgtacagccctggctttgttgttgctgatttactgttgtaaaagacgctaccaacagacactcaagcagcatactaaggtcgatccggcatttaaacctgatctaactggaacttcgaaatcctatgtgagatcactctga,17,15,16,14,12,18,2,16,10,9,13,12,19,17,12,17,20,9,17,8,7,9,3,9,4,4,4,2,4,11,14,12,16,6,15,15,14,10,1,17,15,8,10,7,7,16,4,12,0,13,0,9,22,13,2,12,1,3,4,13,17,3,14,8
Canine morbillivirus,Riboviria,CDVgp6,vertebrates,ss-RNA,linear,NC_001921,NP_047206_6,atgctcccctaccaagacaaggtgggtgccttctacaaggataatgcaagagccaattcaaccaagctgtccttagtgacagaaggacatgggggcaggagaccaccttatttgttgtttgtccttctcatcttattggttggtatcctggccttgcttgctatcactggagttcgatttcaccaagtatcaactagtaatatggaatttagcagattgctgaaagaggatatggagaaatcagaggccgtacatcaccaagtcatagatgtcttgacaccgctcttcaagattattggagatgagattgggttacggttgccacaaaagctaaacgagatcaaacaatttatccttcaaaagacaaatttcttcaatccgaacagagaattcgacttccgcgatctccactggtgcattaacccgcctagtacggtcaaggtgaattttactaattactgtgagtcaattgggatcagaaaagctattgcatcggcagcaaatcctatccttttatcagccctatctgggggcagaggtgacatattcccaccacacagatgcagtggagctactacttcagtaggcaaagttttccccctatcagtctcattatccatgtctttgatctcaagaacctcagaggtaatcaatatgctgaccgctatctcagacggcgtgtatggcaaaacttacttgctagtgcctgatgatatagaaagagagttcgacactcgagagattcgagtctttgaaatagggttcatcaaaaggtggctgaatgacatgccattactccaaacaaccaactatatggtactcccgaagaattccaaagccaaggtatgtactatagcagtgggtgagttgacactggcttccttgtgtgtagaagagagcactgtattattatatcatgacagcagtggttcacaagatggtattctagtagtgacactggggatattttgggcaacacctatggatcacattgaggaagtgatacctgtcgctcacccatcaatgaagaaaatacatataacaaaccaccgtggttttataaaagattcaattgcaacctggatggtgcctgccctggcctctgagaaacaagaagaacaaaaaggttgtctggagtcagcttgtcaaagaaaaacctaccccatgtgcaaccaagcgtcatgggaacccttcggaggaagacagttgccatcttatgggcggttgacattacctctagatgcaagtgttgaccttcaacttaacatatcgttcacatacggtccggttatactgaatggagatggtatggattattatgaaagcccacttttgaactccggatggcttaccattccccccaaagacggaacaatctctggattgataaacaaagcaggtagaggagaccagttcactgtactcccccatgtgttaacatttgcgcccagggaatcaagtggaaattgttatttacctattcaaacatctcaaattagagatagagatgtcctcattgagtccaatatagtggtgttgcctacacagagtattagatatgtcatagcaacgtatgacatatcacgaagtgatcatgctattgtttattatgtttatgacccaatccggacgatttcttatacgcacccatttagactaactaccaagggtagacctgatttcctaaggattgaatgttttgtgtgggatgacaatttgtggtgtcaccaattttacagattcgaggctgacatcgccaactctacaaccagtgttgagaatttagtccgtataagattctcatgtaaccgttaa,15,11,11,16,15,9,4,11,19,4,4,9,17,14,12,18,16,9,3,6,10,8,5,11,4,1,3,3,8,8,10,8,13,14,17,18,10,9,2,9,12,5,7,12,10,10,13,8,1,7,0,14,19,6,2,8,0,3,8,9,12,16,17,12
Canine morbillivirus,Riboviria,CDVgp7,vertebrates,ss-RNA,linear,NC_001921,NP_047207_7,atggactctgtatcagtgaaccagattctataccctgaggtccatctagatagcccaattgtaaccaataagctagtatctattttagaatacgcacgaattagacataactatcagctccttgatacaacattagtgcgtaatatcaaagagagaatttcagaagggttctcaaaccagatgatcattaactgcatcgaaattgggagcattattaatcagaccttgttatcttatcccaaacacaaccatgtgatatacccaaattgcaacaaacttctatttcatgcacaggatcgagtcatctctctgaggctgagaaatatattcaaaagaggaaatagcatctatagcaaaataacagacggggtcaaaaaatgcttaaacgatattaatcttaatattggtttagggggtgcactggacaagactattgggaccaaaattgatgaagcaggcataattatgcaaagctcacagtggttcgaacctttccttctatggtttacaattaaaacagaaatgagatcagtgattaaatcctctactcacaactgtcgcaagcggaggcagaaccctgtctttgtaaaaggtgaatcattgaatgtgttagtctctagggaccttgtatgtattattgacctcaccagtcacattgtttattacctaacatttgaaatggtcctgatgtactgtgatgtaatagaagggaggctaatgactgatactgctatggcaattgatcaacgttactcaactttgcatgtcaggatcaggtatctctgggatctaattgacggattcttcccggatctgggaaattcaacctatcaattggtggctctactggagcctctctcattggcttacttgcaattaaaagacatcaccttctctctcaggggtgcttttctgagtcactgctttgctgaaattcaggagattttacaggacaatggcttctatactgaagagacgttccaaactttaacccaagctctagacttcgttttcatcacagaggatatacatataacaggagaaatcttttccttctttagaagtttcggtcacccaaggttagaagcaataacagcagcagagaacgtacggaaacacatgaatcaacccaaagttgtctcctatgagactatgatgaagggacacgctatattctgtgggataatcattaacggttatcgggatagacatggggggacttggcctccgatggatcttcctgttcatgcatctcctatcatcagaaatgctcatgcctcaggggagggaatcacctatagtcaatgtatagaaaattggaaatccttcgcaggaattcgatttaaatgctttatgcctcttagcctagacagtgatttgaccatgtacctgaaagataaggctttggcagccctaagaaaagagtgggactcagtgtacccaaaagaattcctcaggtacaatccgcctcgctccactgagtctcggagacttgttaatgtgtttctagaggactctcagtttgacccttataacatgattatgtacgttatctcaggtcaatatctagaagatcctgatttcaacctatcatacagtctcaaagagaaagagattaaagaggtagggagattattcgctaaaatgacctacaaaatgcgagcctgtcaggtcatagcagaaaacttgatatctaatggaattgggaagtacttcaaggacaatgggatggcaaaggatgaacacgatctcactaaatcattgcacactctggctgtgtccggggttccgaaagacaagaaagattcccatcgtggcctcactaaccagcgtaaatccctgaagcctgcaccttatcgaggaacccgtcactccgtctcttccccaagtagtagatatatagacccaaacccaaatttttgcaccagtagaagagaagacaatgacatagagatctatgaaactgtaagtgcatttataactacagatctcaaaaagtactgtctgaattggcgttatgagaccatcagtatttttgctcagagattaaatgaaatctatggtctcccctcatttttccaatggttgcacagaagattggaacagtcgatcttatacgtaagtgacccccactgccctccagatctcgatcgtcatgtggacttgaatacagcccctaactctcaaatattcatcaaatacccaatgggaggggtggaggggtattgtcagaagttatggactattagcaccataccttatctgtacttggcggcacatgagagtggtgtcagaattgcatcacttgtccaaggtgataaccaaactattgctgtcactaaaagagtaccaagcacctggtcctatgccttgaagaaatctgaagccagtcgagtgaccacagaatactttatagccttgagacagaggttacatgatgtcggacatcatttgaaagcaaatgaaacaataatctcttcccacttttttgtatactcaaaaggaatctattatgatggaatgttaatttcacaatccctgaagagtatagctaggtgtgtattttggtcagaaacaatagtggatgagacccgagccgcgtgcagcaacatttcaacaacattagcgaaagccattgagaaagggtttgaccgatatttagcctacacgctgaacattttaaaaatcatccaacaagtattaatttcattaggattcactatcaattcagcgatgacacgggatgtgatagaacccctcttacaagatcactgtctcttgaccaagatggcaattctccccgcacccattggcggttttaattacctcaatatgagtaggctctttgtcaggaatatcggggatcccgtgacatcttctattgctgacctcaaacgaatgatccgatcaggccttcttggagtggagattctacatcaggtcatgactcaatacccaggtgactcttcttatttagattgggcaagtgacccttattctgccaatctgccctgtgtccagagcataacccgactccttaaaaatatcacagctaggcatgtccttatcaacagtccaaatccgatgctgagaggattgttccatgatgaaagtcaggatgaggatgaagctttagcagctttcttgatggataggaaaattattatcccaagggctgcacatgaaattctggataacacaatcacgggtgcaagagaggcaattgccggaatgctagacaccacaaaggggttgataagagcaagcatgaaaagaggaggtctaacccctagaataataacccgtttgtcaacttacgattatgagcaatttagggcaggtatcagactgttctcagggaaggggcatgatcagctcatcgatcaagactcatgttccgtccagttagcgagagcattaaggaaccacatgtgggccaagctggcgaagggtcgtcctatttatggtctagaagtcccggatatccttgaatcaatgaagggttatatgattagaagacatgaatcctgtttgctttgcgcatcaggctctcataactatggttggttttttataccagcgaattgccaattggatagtattacagagggaacatctgcactgagggtgccatacatagggtccacaacagaagaaagaacagacatgaaactagcattcgtcaaatctcctagtaggtctctaaaatcagcagtgagaatagcaactgtgtactcatgggcctatggtgatgatgacgaatcttggcaagaggcttggaccttggcaaaacagagagcggacatctcacttgaggaattacgaatgattaccccaatttccacttctactaatctagctcaccgactaagagacaagagtactcaagtcaaatactcagggacctctctcatcagagtagcacgttatgcaactatctcgaatgataatctttcttttattatagatgacaagaaagtggacacaaattttatttatcaacaaggtatgctcctgggcctggggatccttgagcacttatttagattgtcttcaaccaccggcgactctaacaccgtgttacatttacatgttgaaacagattgttgcgtaatacccatgagtgaccatccaagagtcccagggctcagaaaggtcgtcataccaagaaatatttgtacaaatcctttgatttatgacagtaaccctattattgagaaagatgcagtcagactttataaccagagtcacagaaagcacattgtagagtttgtcacatggacaacagggcagctttatcatgtgctagctaaatctactgctatgtctatggttgagatgattacaaagtttgaaaaggaccacctaaatgaagtcactgcgttaattggcgatgatgatatcaatagttttatcactgagtttcttctagttgagcctagattatttactgtatatctaggtcaatgtgctgcaatcaactggggctttgaaattcattatcaccgaccttctggaaagtaccaaatgggtgagttgttgttctctttcctgagtagaatgagtaaaggagtcttcaaaattttagccaatgcattgagccatcctaaagtatatagacggttttgggacagtgggatgattgaacctgttcatggaccctctcttgactcccaaaacctacatataactgtatgcaacctgatctataactgttacatgatttacctagaccttctgttaaatgatgaattagatgatttctcattcattttatgcgaaagtgacgaggatgtcatacctgaaagatttgacaacatacaagccaggcacctatgcatcttatctgacctttattgtaaccctcgtgattgtccccagattcgtgggttgacaccaacacagaaatgtgctgtgttgtcggggtacttaaaatcaaaagccctagaatcccatgttggtctgacatggaatgacaaacctatcttaatagatcaatattcatgttccctgacatatcttagaagaggctcaatcaagcagataagattgagagtggatcccggattcatcactgatgctgttggatgcttagaaaggcgtcctctaagaaataattctacctctaaggcctcagaattaacgtcaggatttgacccaccgaaagatgacttggctaaacttctgagtcagctgtcaacaaggacacataacttacctattacaggattaggagtccggaactatgaggttcattcattcagaagaattgggatcaactctactgcatgttacaaggcagttgaaatagcttccgtgattaagaacgaatttacgtctgaagaacacggattattcctaggagaaggttcaggtgcaatgttgacagtatataaagagctattaagattgtcaagatgttattataacagtggtgtgtcggtagaatccagaactggacaacgagagatttcaccttacccttctgaggtcagtctggtggaacatcaattaggactcgataaattggtgactgtgcttttcaatgggagaccagaagtaacttgggttgggagtgttgattgttacaagtacatactgagccagatctctgctagcagtcttgggttgattcactcggatatagagtcactaccggataaagacataattgaaaagttggaagaattgtctgctatattatcaatgactttgatattagggaaggtagggtcagtgttagtaattaagatcatgccagttagtggcgactgggttcaaggatttattttgtatgcactcccacattttcttcgaagtttcatagtttacccaagatacagcaattttgtgtcaacagaggcctaccttgtttttaccggtcttagagcagggagactaatcaatcctgaggggattaaacaacagattttgcgagtcggtattcgaacttcacccgggttggtagggcacatcctttcatcaaagcagacagcatgtgtgcagtctttgcatggacctccatttcatgctaaatctttcaatcctcaccttcagggtttaacaagtattgagaaggtattaatcaattgtgggcttacaattaatggtcttaaagtatgtaagaacctgcttcaccatgatatttcgtcaggcgaggaagggctgaaaggatctatcacgatcctttaccgggaactcgcaaggttcaaggataaccaccaatcttcacatggaatgttccatgcataccctgtgttaatcgcaagtcaggaaagggagctcgtatctatcattgcaaagaagtactgtggctatattttgctgtactcgggcgacttatacgaaattaccaggattgtccgaaacctgaaagccaaccacataattttcgacctgcatcgtaatttattcatggataatctgtccagatctgacaggtctctcatcctaacgacaatccccaaaaagaattggctctttcagctcgagacaaaagagataaaggagtggttcaaattattaggttatagtgcactgattagaaatcactga,69,42,43,55,47,31,7,38,60,15,27,40,47,57,49,85,35,30,35,41,26,15,8,37,19,2,8,14,37,30,38,37,63,50,49,66,50,20,9,31,35,15,41,32,29,34,33,21,0,43,0,49,53,23,7,50,1,15,25,28,56,42,46,45
