virus,realm,locus_tag,host,type,shape,accession,protein_id,coding,AAA,AAC,AAG,AAT,ACA,ACC,ACG,ACT,AGA,AGC,AGG,AGT,ATA,ATC,ATG,ATT,CAA,CAC,CAG,CAT,CCA,CCC,CCG,CCT,CGA,CGC,CGG,CGT,CTA,CTC,CTG,CTT,GAA,GAC,GAG,GAT,GCA,GCC,GCG,GCT,GGA,GGC,GGG,GGT,GTA,GTC,GTG,GTT,TAA,TAC,TAG,TAT,TCA,TCC,TCG,TCT,TGA,TGC,TGG,TGT,TTA,TTC,TTG,TTT
Dioscorea bacilliform RT virus 1,Riboviria,D1T89_gp1,land plants,DNA,circular,NC_038986,YP_009508406_1,atgtctgctatctgggaaaattcattaaaagcttattttgaaggaagaagtaccgaacctgaataccttaatttatatactgtcgacaaacctaccaacaaacatcttgctactaatcttacctatctcaatcaccaagaaaagctattttccaaagtatctttgaaacacttttatcagctacacgaagaaatacagcagcttaaggctgaaaatctaaagcttcgtaaagatctggttgctctaaccagagaagttgtggagaatcgacccctaacagaaaagaaggttcaagatctcatcctgaagattactgaacaacctaaagagatcgaacaacaggctgttcgtctatctgaagatctgaagataaaacttgagcgagtagaaactctcctgaagaagatagaaggatcagtccttctatga,8,1,9,6,1,4,0,4,2,0,0,1,3,3,1,1,4,3,4,1,0,1,0,3,2,0,0,2,7,3,4,7,15,1,3,3,0,0,0,6,2,0,0,0,2,2,1,4,0,1,0,4,2,1,0,3,1,0,1,0,2,0,1,3
Dioscorea bacilliform RT virus 1,Riboviria,D1T89_gp2,land plants,DNA,circular,NC_038986,YP_009508407_2,atgaaccatactgaagagtacaaaagggcactgcaagcaacagaagcaatagaccctcccgctgttggatacattaaaccaacagaaaaactagctctagcggtgatcaatctgcagaagcagaacaatactctgaccaaccttattacacaaatatttgagaaattaactcaaatacaaacagaggtcagaagtttgaagtctcaggcttcaccggtagctgcatccgacgagctactggataaggtaattaccaaacttggtagattatctattgctgacaaattacccgaaaaacagggaaagcttctagttttcaaagatccggtgctgatctatcaagaagaagcagagaagctaaagagaagatga,8,3,6,2,4,2,0,3,4,0,1,1,3,2,1,4,5,0,4,1,1,2,2,1,0,0,0,0,5,0,5,3,6,3,5,2,5,0,1,5,2,0,0,1,2,1,2,2,0,2,0,1,1,1,0,2,1,0,0,0,3,1,1,1
Dioscorea bacilliform RT virus 1,Riboviria,D1T89_gp3,land plants,DNA,circular,NC_038986,YP_009508408_3,atgagcctagtaacgaggacccgagaagttggtagcacatcagctccaacacatgaagaccagattcgtgactaccggctaggagcacgacgtcggtacaacatgggtctaaaagcacagaagctggtgaagacactttctcgagggaaattctacaatcctaccctcgaacaacaggtggaacctgaaaagacgttgcagctatcatcagtgcaacgggcttcgttggtaccagcagaagttctctaccattcacggccagacaccgtgaatcataaagtatatatgcattggtcggaggaatccgatctcattatcaacggccagcatgattcaactttcatcaggccggaatcctatcaactattgcaaaggtcaggtatgcaattcattcatataggccttatgcaagtcagagtgcaagtcctgcatcgtctggaggcaggaaccatggcaatgatcgtattccgcgattgctcgtggaaagggaagaggtctactattgcccgtatggaagtagacctatcaaaaggaagccaattggtgtatgttgcaccaaacattatcaaaaggttggcggatttctacaataatatccaaatctctatccttactaaaggatacgaggactaccagaattcagaggccaacttactgattaccaaaggcttaattggaaggctatccaatacatcaaatattgggtttgcctattcaattgatggtattgctgactacttcatcactaatggtgttcaagccatcaaaggagcgccgatgagcacagaagacatccagggaactctctggaacatcaagcctacaactctggttgtaccagtacaaccgactgcagcagatgaccgagaactagctgatggaagtatctcagtcaggttctcaaaatacaaggctattcaagaaccaacaaccccagtcttcaatgatcaagatgaggaactggatccaaatgagcaacatatacttgcttatttatctgaagcatctgacatgccattaaaaatcagacttctaaatgctgatgcggttctaccacaacgaatgtcatacggggctgtaggctatgacatagccatcacaacctccgaagacataccaccataccgacaagtaaagttatccactggattggcaattgaggttccctacggaacctatgctcaactatacatcaagtcaggtgtggctcacagaacggggttaatgctgaatgcaggagtaattgatccagattatcgtggggaaatctcgttacttctacataaccctacggactctacagtcagtgttcgcaaaggtgattttctgactcaacttgtactgcatcaaatcctaacaccaccagtacaggaagaaaatgctctcaccccaacactacgaggcgaccgtggattcggcgcactcacagctgcagccttcatccctacatctgtacctacagaacataatgaagctgatgatgaagccaatgaagctgatgatgaaatggagtatctctcctatttatcaacagctcctttttcgggggtagaagagggagaagacgaaggatatttcaatcttgctgccgctgaagattacccaacaactattattgatgctgctgaaacatcaacaataggctttctctcggcaccaatctatgacacagatggagaagaaggagatgaggacaatgatgacatacttccaaaaagaattgctgtcctcagctttgaacatgactatccacagctaagaggactggaggagcatgtggtcgctgccacttcaacagcagtatcagcatacagaccaccggaagacaccacaatgaatccacctacttatcctccggcaagcaatttaccaagtgcaggaagcgtgccaagcacaagctatccaagcacaagctaccccactactcaaggagccacctccggagtcggaagcggcacgaggttccgagcaaaagactattctggaaactggaacctaccttcggcacaacaaacaactggtgccttgttctacattccattagagctggggaaatttgatgaaacatttatgcgctgggagagcattacaaagaatcttgtctctcagcatactttcacttctggaagagacaaagcagagttcattgaaaatctgctaggagaatatgaaaagctagcatggatccaatggaggacatcctaccctgatgaatatgagaagatattggaatcctcagatgggcgagaaggaactcaaaatattctatcacaaatcagaacggtgttcactctcgaagaccctttcagaggatcaaccaaagtacaagaggatgcctaccgagatttagaaagaatctcatgcaaagacatgaaggatataatccccttcatgaacgagtatatgaggttagcttcgaaaactggaagactatttatttcatctgaactttcagaaaaattctggatgaagctaccaggagatctgggaaaacgggtgaaggaactctatgaagcaagctactccggcaacactattggagttcacccaaggattctctttacctacaaattcctagaagaggaatgtaagaaggcggctttcagcagatcactaaaaggccttcaattctgcaatcaaatacccatccctgggtattacaaaggaaaggagaagagatacggcgtacggagatccacaacttataaggggaagcctcatgactctcatgtaagaatagagaagaagaagcacctgatgcgagaaaagaggtgtaaatgtttcctctgcggcaacgaaggacattttgctagagaatgtccaaatgataagaggaatatcaaaagagtcgcagtctttgaagggctcgaggttcctgatgactgtgaaattgtctcagtacaagaaggagacaatcaaagtgacgcaatatattctgtctctgagggagaagtggctgatgatgtacagcaaggagtaaacgtattcatacaaaaggagaccctctactacttacgacaagaagacaatgcatactttctaggaggaggaggatggcgatgtgctgtaagagtcactcagcaagaacatgactgcagacaccaatgggaatactactccccaacagtggcaaattgcagattctgcaaaagagaagtcatgcagagatggaatgccaagtgttccaaatgttctatacttacatgcggtatgtgctctgaacattacctaggcctcaatataccttgtcaaagagaagaaattaggcaggtatacaacccaaggcaactaatgatggagcaacaaagctacatacaaagctgcgaactggaaattcaacgactgaaggaagaaatccaaaatgtcaaaaaggtcgctgaggagcaagttgttgcagcaaaaatcaatgaagctgttgctgtgaaagaaatgcaggagcaaatacaggagttgaagcttgaaaatgatagattgacacttgaaaatcatgatcttaaagaactcctcaagaacaaagagccagagcaactggaggtgctaatctgtgaagggaaggaaaggcagtacattgctgcagcatcgctcaaagaaagaagaaacgggctctataatctaatggtggagattgacataccaggtagtttacctattatggttaacgcaattcttgatacaggagcaactacatgctgtatcaacgaaaagggccttcccaaagaaattcttgaagacaacacctatgaagtaaaattcgtgggagcaaattctgagatgacagccacaaagaagctcaaggcaggcaatatgaagattggcgaccacactttcagaatcccatatacatttgccttcccattggagcttgggggaggtgaacaattaatactggggtgcaattttatacgttccatgagtggaggtgtacgtattgaaggagacaacgtaacattctacaaaaatgttacaacaatcaagacacagcaggaggtatcgaaggtactctctcttgaagaacttgaaatgaatgaagatgagtacatatctatacagcagagtgtaagtgcaataagtccgggaatacactcaagctttacaacaaggttcggggacctgattcagaagctgaaggaagcaggttatgttggagaggagccaatgaagttctggcaacagaacaaagtcacatgcaagctcgacattattaacccagagctacgtatacaagacaaacccttgaagcacgtgaccccggcaatggaggagacgtttcgaaagcatgttcaagcactcctcaaactaaaggtaatacggcccagcaccagcaagcataggacaactgctttcattgtccactcgggtaccacaattgatccaaaaactggcgtagaagttaaaggcaaggagaggctagtattcaactacaagcgccttaatgacaatactgaaaaggaccagtacagcttgccaggtataaatactatacttaaaagggtgggccaaagtgagatctattcaaaatttgatctcaaaagcggctttcatcaagtcgctatggatgaagggtccatcgaatggacggccttctgggttccagatgggctgtttgaatggcttgttatgccattcggcctaaagaatgcacctgctgtttttcaacggaaaatggataattgtttccgaggaatggaggattttgtagcagtctacatcgatgacatcctggttttctcaaaaaccccagaggaacatgcagtgcacctggagaaaatgctggcggtctgccaaagaaatgggctggtcctaagcccaacaaagatgaaaataggaaccccaacaatagagttccttggagcaacaatcggcaatagaaagataaagttgcaggagcatatcatcaaaaagattgcagattttaatgatgaagagctcaagacaactaaagggttgcgctcctggttaggtattcttaattatgcaagaaattatatacctaaccttggtaaaattttaggaccattatattcaaaggtcagcccaagtggtgaaaagaggatgaatggtcaagactgggagctggtcaggaaagtaaaacagttagtccagaagctgcctgatctggagatccctccgaaagactgttgtatcctaattgaaacagatgggtgtatggatgggtggggtggagtatgtaagtggaaggcattcactcatgatccacgaaaggatgagcgtatctgtgcatacgccagtggaaagttcgacccaccaaaatccacaatagatgccgaaattcatgctgttatgaatagtctcgataaatttaaaattcattatcttgacaaaagggagattctgatacgcactgactgtcaggcaataatctccttctataacaagagcatggaaaacaagccctcacggataaggtggatcgcattcagtgatttcatatccgggctaggaatttcggtgcattttgaacacattgaagggagacacaatcaacttgcagacgcactatcaaggttagttctctctcttgtgcaggtacctgacgaatggcatcatcaacaaggactgacgtcaaaaatagaagatgccttggagcaagtgatgagtcgacccaaccaagcagcaatgacgaaattggcagaactaatatactgttcagagaatatcataaagctgcagatctcatcgaaggaggatacattacgcttgcagaacaagatgaaggaagacgcgtactcgccatactag,61,27,69,54,52,20,10,32,31,25,25,15,39,45,46,47,59,11,31,31,50,9,8,22,18,7,9,10,37,29,31,31,101,47,57,57,54,19,6,34,54,22,25,20,37,26,23,24,0,41,1,33,35,19,14,20,0,14,21,19,21,43,18,24
