virus,realm,locus_tag,host,type,shape,accession,protein_id,coding,AAA,AAC,AAG,AAT,ACA,ACC,ACG,ACT,AGA,AGC,AGG,AGT,ATA,ATC,ATG,ATT,CAA,CAC,CAG,CAT,CCA,CCC,CCG,CCT,CGA,CGC,CGG,CGT,CTA,CTC,CTG,CTT,GAA,GAC,GAG,GAT,GCA,GCC,GCG,GCT,GGA,GGC,GGG,GGT,GTA,GTC,GTG,GTT,TAA,TAC,TAG,TAT,TCA,TCC,TCG,TCT,TGA,TGC,TGG,TGT,TTA,TTC,TTG,TTT
human papillomavirus 71,Monodnaviria,D1R35_gp1,human:vertebrates,DNA,circular,NC_039089,NP_073548_1,atggccgactgtgaaggtacaggtactgatgatgatgggggcgaagcgggaacaggcgcgggagggtggttttttgtagaagctattgtggacagatgtaccggcccacagccatccagtgatgaggatgaggatgacaatgatactggggaagatatggtggattttataaatgacaggcatgcaggggacggacaggaagtggcagcagaggtgtacagacagcaagaagcattagatgacgaggcaattgtgcagcccctaaaacgaaagtttcttgcaagtcctttgtctgcaggggtgtgtgtagacaaagagttaagcccgcggctagatgctatatccataggcagggaatcccaaaaagcaaaacgaaggttatttgaactacaggacagtgggtatggcaatacgcaagtggatactgaagcggcaggaaaccaggtaccaagggacgggacgccaggggggctgcacacagaacaggaggaggagcgtcaggggggggatggggcggcaggcatagacagtacaccagcacacacaggaacaaatacagtgttggctttgttaaactccagtaatcgaagggcaacactgctaggtaagtttaaagacttatatgggttatcatatatggaattggtacggcaatttaaaagtaataaaacaacatgtttggactgggtagtatgtgcgtttggtgtgtattgcacggttgcggagggtgtaaaaaccttgatacagcaacactgtgaatacgcacacatacaacaacaaacatgttcctggggagtggttatattaatgctgttgcgatataagtgtgctaaaaacagagataccgtggcaaagggattaagcatgttattaaatataccagaaacaaacatgctaatagaaccaccaaaaataagaagtacgcctgctgcattatattggtttagggcgagcatgggaaacgcaagtgacatattcggggaaacgccagaatggatagttagacaaactgtggtaggacacagcatggaggaatgccagtttcagttatcagtaatggtgcaatgggcatatgaccatgatataacagatgaaagtatattggcatatgaatatgcccgtctggctgatgtagatagtaatgcagcagcctttttagcaagcaattgtcaagccaaatatgtgaaagatgcatgcacaatgtgtagacattataaacgagcagagcaggcacaaatgtctatgtcacaatggatatcatttagaagtgctaaaataacagaagaaggggattggcgaacaatagtaaaatatttaagacaccaggatatagaatttattacatttattatagcattaaaaaattttttaaagggtataccaaagaaaagctgtttagtattttatgggcctgcagacactggcaaatcctatttttgcatgagcctattacggtttttgggtggggttgtcatttcctatgccaattccagcagccatttttggttgcagccgttagctgatgcaaaattaggactaatagatgatgtaacccctaattgctggagctatatagatgtatatctaagaaatgcattagacggtaatcaaatatgtatagatagaaaacacaggccattactgcagttaaagtgtcccccattgttaataacaacaaataccaatccgttagaggaggaacgatggaagtttttacgtagtagactgcagctgtttacatttaaaaatgcatttcctttaaattcaaaaggggaccctatgtatccactaaatgatgcaaactggaaatgcttttttcaaaggttgtgggctcggttagacttacacgagcaggacgagcaggaggacaatggagacactggccagccgtttagatgcgtgccaggagacgttactagaactgtatga,23,6,8,20,20,5,5,8,13,10,8,12,25,0,14,5,15,8,19,4,14,2,4,6,7,0,4,3,9,0,7,1,23,22,16,27,30,5,7,9,12,8,18,8,15,1,15,5,0,2,0,18,5,8,0,2,1,7,13,13,29,1,12,26
