virus,realm,locus_tag,host,type,shape,accession,protein_id,coding,AAA,AAC,AAG,AAT,ACA,ACC,ACG,ACT,AGA,AGC,AGG,AGT,ATA,ATC,ATG,ATT,CAA,CAC,CAG,CAT,CCA,CCC,CCG,CCT,CGA,CGC,CGG,CGT,CTA,CTC,CTG,CTT,GAA,GAC,GAG,GAT,GCA,GCC,GCG,GCT,GGA,GGC,GGG,GGT,GTA,GTC,GTG,GTT,TAA,TAC,TAG,TAT,TCA,TCC,TCG,TCT,TGA,TGC,TGG,TGT,TTA,TTC,TTG,TTT
Klebsiella phage 1513,Duplodnaviria,AVV16_gp01,bacteria,DNA,linear,NC_028786,YP_009197808_1,gtggaggggttcaagccgttcatgcagagcaaagttggttcaaacatgcgcttcggcatcatcgcagacggaaaaccaatcagcacggacgactttgctactttcgccgtggctagggagatcagaatcatcccgatcccaagagccagaaagaacggcgggttgttgcaggtcgttatcggagcggcgattatggttgcagccttctttactggcggcggttcgctggcggctatgggcgctttttcgtcggcggcttttatggctggcggctcaatggttttgggtggcgtaatgcagatgatcgcaccgcagatgggcggcaacatgcgtgcaagcgaatcacctgagaacaagccatcttatgcgttcggcggtccgattaacaccacggcggctggttatccaatccaattgccatacggctacagattggctggcggcgcgttgttcggttcaggatcttacgccgaagacaacaactaa,2,7,3,0,0,1,2,2,4,3,1,0,0,10,10,2,1,0,4,0,5,0,4,1,0,1,0,1,0,0,1,0,2,4,3,0,4,4,7,8,3,14,2,6,1,1,2,4,1,3,0,2,4,0,3,2,0,0,0,0,0,7,6,4
Klebsiella phage 1513,Duplodnaviria,AVV16_gp02,bacteria,DNA,linear,NC_028786,YP_009197809_2,atgttgaatccaaaaattaaaatgcagatcatgcagcacgcgaaggaagtctacccgcacgaatgcgccgggctggtaacgcaaaaatcacgcgtgcaaaaatatcaccgactagacaacgtttctccagatcctgagaacgaatcaatgccggacgaaacgcagtatgcgctggcatcaatggagggtgagccgatcgcgttcgttcattctcacactggcgacggggcgaccacaattccgagcgccacagatttatgcttctgtgatgagtctggcttgtcgtgggttatcgtctccatcccggaaggtgatatgcgaatcattgagccgaaacgccgtccgctgattggtcgcccctgggctttgggcgcttatgattgctatggcctaatcatggattttcacaagcgccacggcgtcacactaaaagatcggcgggttccgttcgaatggtggaagccggaatacaaagagaatctttaccaggactactggcaagaggacgggttcattgaaaacactggcgagcctgaagttggcgatatgatcatttttcagcttcaggcggagaagtggaatcacgctgggatttacgttggaaataacaacatccttcatcacgcatatggcaagctgtctcgccgggatatctattctgggtggtacgagcagcacaaggttttaatttgcaggcacaaggagcttaaacatggcatcacatacaaagacgattaa,9,5,7,4,4,1,2,2,0,1,1,0,0,10,8,8,3,10,7,3,2,1,9,2,2,5,3,1,3,0,4,4,9,6,11,10,2,2,5,3,1,9,5,3,1,3,1,7,1,7,0,6,3,1,1,5,0,4,7,1,2,4,3,2
Klebsiella phage 1513,Duplodnaviria,AVV16_gp03,bacteria,DNA,linear,NC_028786,YP_009197810_3,atgacagccaatgtttcaaaagagtttgcgaactgcttacaaaaacttttccccggcgagatcctaacgctgatcgatatcgacgccacaaagttcggcgggcaggtctaccgattccataacgagaacgtcgcctatacaaccgaggagcttttggcagcggttaacggcgggacacttcagccaaagatgatcacgtttcgcggcgagcagtacggcccgcgcccgttcggcctgggcgggatcgcaatgtcgagcgatggcacagtggaaaagccaacgctgacggttagcaatattgatgctcaagcgagcgctcttattcgcgcctacaacggcctcatgcaagccaaagttacggtatgggttttggtcaaggaattgctacaaaacgacggcagcgttaaagagggcgattttaggcgatttgtctactacatcgagcgcccaaaacaagtcgacccgcaaaaggcaacgttcgaattaacatccgtgtttgatatggacggattaatgatcccggcacgcctaacacaaaccgtttgttattgggcgcagcgtggctggtacaagtctggcaaaggctgcgactacaacgggcagaacggatacttcgacaagttaggaaacagggttgacgacccgtcgcgggatgtttgcggtggcctggtgtcttcttgcaggcttcgttttggtaatgaaccgttgagtttcggcggttgtgcgacagcaactttgaatagtggtagctaa,6,9,7,4,8,2,6,1,0,5,3,2,0,7,6,2,7,0,5,1,3,1,6,0,2,5,1,2,3,1,4,5,4,8,8,6,5,5,5,2,3,16,4,4,1,5,3,9,1,8,0,2,1,1,2,3,0,4,3,2,4,7,5,6
Klebsiella phage 1513,Duplodnaviria,AVV16_gp04,bacteria,DNA,linear,NC_028786,YP_009197811_4,gtggattcctttaaatggtgtacccaaattcaaggaggggcggcgaaagtcgccgtctccaataacattcgctcgatcatcttcggaaatggctacatccaaacggcgtcgagtggcattaacacaaagcgccggacggtttcgatcgtttatggtgggtcggattgggaagcggtttataacttctgcctggagcacgtaacaaagccgtttgtgtggaaggcaccggatggaagaatgggcgtattcgtcgtaactgccgactccgttaaccttgcgccgcagggtggcggggtgtttgaggtaacggctgaattcgccgaacgcttcacttcagccggataa,2,4,3,2,2,1,3,2,1,0,0,1,0,4,1,3,3,1,1,0,0,0,3,0,0,3,1,0,0,0,1,1,3,1,2,3,1,4,5,1,4,4,3,2,4,3,3,4,1,1,0,2,1,3,4,0,0,1,3,1,0,5,0,3
Klebsiella phage 1513,Duplodnaviria,AVV16_gp05,bacteria,DNA,linear,NC_028786,YP_009197812_5,atggctgataaagtagctgggttgacgtttggcgttgacgtttcgcaggttgacaaagcggtacgatcactcgcagaactgaaaaaccaaagccagcaaacgggcgctggcctacagtcacttgctgacgctgaaaggcgggccacggcgcagaccgaggaaatgaaccgcgcgttgcagcgccagaagcaagagactgataaatcaaaaaccagctttagcaggttcgcaagcgccatcgatcccacgatctcaaaaatggacaacttgcgcaaagcgacggaagaacttgataaagcgtgggctttggggcttgttccagataaggaatttttccgccttggtgctatcatcgaatctactaccaaccaactccggcggcagcaggcggcgctaaccgaagaaggtcgcgcagcaatcgcagaggcggaggcaaagcagaaggcggcaaacgccgggcgtgattttgttgccagtctgaaacagcaggctgactccatcgggaaaacacgcgccgaactgctggaaatgaaggcggcgcaattgggcgtgtcggcagaagcggcaccgttcattaatgccctgaagcagcaggagcaagcattaaagaaacagcaaaacgctatgggcctggctggaatttctgccgggcaatataaaatggccatgcgccagttaccgatgcagatcactgacattgtaacgtcgcttgcttcaggtatgccaatctggctggttgcggtgcagcagggcgggcaaatcaaggatagcttcggaggcttgagcaatacgtttaaggtgttgttgagctacatcaacccgctaacggttggcgctgcgtcgttgggtatcgcgctggcagcaatcgctaaagctggttatgactcatggagtgcgcaacgagaactggcgaatgcgctggtgctgactggtggctatgctgcgaccaccaccgggcagatcacagccttaaccgaagagattaacaaaaactcatcggctacgattggcagcattcaggaaatcgcaacatcgctcgctagttctggtaagtacaccatcaaccagattaagcagatcacgaagactacggcggaatggtcggcgcagactggtgaaagcgagaagacgatcacagggtattttgatgccatcgtaaaagaccctgttaaggggcttgccgatctgaatgagcagtttaatttcctgactgaagggcagctaacctacatcgaatctttgcgtaaaaccaaaggcgagacggcagcagcggaagcggcaacaaaactgtttgctgacacgatggataaacgcctgaaggatatcgcagacagcgcaacgccgcttgaaacgatgtggactgacattaaaaagtgggccgcagactcctggaagtgggtaggtgatcacaccgtcggggcgctaaaccttatcgtcgatacggtttctgcgatcatcaacacgatcaggaagctgattgccgacggtgacgccatgatcgcgcagttcatcgttgacgctggccgaaaactacagaaaatccccggcatggaagactttgggaatgactttctggcgcagcaggagcagttaatcaaggactcgaaagccaaatccgccgagcttgcaaaaaccatcgcggagcagcaagcaaggatcgccaaaggagaaatggggtacattgacgccgccaataacaaagatgtttctggtgggtacagcagcaaaacgaaggaacgcgtaaatcaggaagaaaaggatatcctgaaaaaccgcaacgcaaggaagcagcaggcagacgctggcgtaaaaattgatgagcagtatcaggctgaactgctatcgctacaggcgcagctaaaggttttgcagcagcacaaggggcttgacgacaagatcagccagcagcgcaaagactacttcgagacggttgctaaattccaggttttggaagaggcaagccagaagcgaaaactgacccaaagcgaacagcagatgctggcgaacaaaaagaatatcctgtacatggcagagcaaaaggccattgtgggagatcagattgttcagcagcagcgactgaacgccttgcttgacaagtcgaccaagtatcaaaaccagatggcggagaaaaccaaagcgctacaggataccgccggaatgggtagcaaggagcaggagagataccgggccaatgcgcagatggcggctgactggaaaaacagcggcggatctttaagcgaccctggatttaaagcgatgcaggccgcaagcgataaattctacgcacagcaggatgcgcaaatgctgaactggaaggccgggttcactcatgcgtgggctgacattggcgacgaagttaacaacgtatacggcaacatcggggatatcaccaaaaacgcatttagcggaatggcgagcgtgctgactgattttgtcatgactggtaaggccagctttagcgactttgcaaagagcgtgatcactgacattaccaacatgcttatcaagatggcgctgtttaactcgctttctgccgcgtttggtggtggtggcggcacgttcagcttcgccaacatgttcagcaagggattttccggcggtggttacactggcgacggcgggaagtatgagccaaaaggcgttgttcacggcggggaattcgtattcaccaaggaggcgacgcaaaggttaggcccggaaaacctgtaccgactcatgcgcggctatgcaagtggcggcctggttggcggtaacgcaagttcaggatctggaatcaccaacggcggcaatgttgcggcgtcggctgcgatggtgttcaccatcggtgacattaacatcacgatgggttccggtcaggatagtaagggcatggagcaaggcgtgaggcagatcgtgaacgatatgttcaccgaggctttgagccaaaatgggcgcattgcgaagttcgtaaatgagaaagtgagggggtaa,42,32,40,13,5,23,23,13,1,27,8,6,0,41,31,17,18,3,59,1,3,2,5,2,6,13,4,2,10,4,28,13,32,32,24,24,31,28,45,26,11,33,21,22,10,3,11,20,1,12,0,8,8,5,12,9,0,0,11,0,6,18,14,18
Klebsiella phage 1513,Duplodnaviria,AVV16_gp06,bacteria,DNA,linear,NC_028786,YP_009197813_6,atgcaaacgcaatggcgaatcgggatgaatggcccgacggggcttgactataatacgttgcctatgctgttcgaattgtataaaatcgacaatcgagaagcggcattacttgacttgcagatcctagagggtgaatacctgaaggagatttacaagaaatcaaaataa,3,0,2,3,0,0,3,0,0,0,0,0,0,3,3,1,2,0,1,0,0,0,1,1,2,0,0,0,1,0,2,2,3,3,2,0,1,0,1,0,0,1,2,1,0,0,0,0,1,2,0,2,1,0,0,0,0,0,1,0,1,1,3,0
Klebsiella phage 1513,Duplodnaviria,AVV16_gp07,bacteria,DNA,linear,NC_028786,YP_009197814_7,atggctaagttcaaaattcaaatcggcggcaatctcccttctttcaaattgccagtaacctttacttgccccgacggcaaagaagcaaccatcaccatgaccgtaaaacaccgctccaccgatgagatgaaagacttttatgagagcgaagataaagcgccgaagggtaacgccgagtttatccgcttcatggctgaaggttgggatctggatgacgaattcagcgatgaaaacatttcctggctttgcgctcacttcccggcgttcgtcatggcactgccacaaacttacatggccgcgcttgcgggccaccgtgcaaaagtttaa,7,2,2,1,0,5,0,2,0,2,0,0,0,3,6,2,2,3,0,0,2,1,2,1,0,2,0,1,0,1,2,2,5,3,3,5,3,2,4,3,0,4,0,2,2,1,0,1,1,1,0,1,0,2,0,1,0,2,2,0,0,6,1,3
Klebsiella phage 1513,Duplodnaviria,AVV16_gp08,bacteria,DNA,linear,NC_028786,YP_009197815_8,atgcatttaccaaacggtgcaaaggtcttctttgagaagactcgcggttcggagattccgtttaccgcaatgaccaacgacgcgaaaaacccaaaaatcacagtggcggacggcaagctgaaggtgaaagatattgtgatcttcaccgattgcacctgggtcgacttcgttaacaaggtggctcgcgtaaaagcagtgacagcaggcgtggcaacgctggaagagttcgacacctccgacacgaacaagtatcccggcggcgcggccactggtaacgtgagcgtgatcactgattgggtagaattgccttgcattcaggatttaggcaaagacggcaacgaacagcagttctataactatcagtgcttgggcgatgagcgagaacaatccgaacctacttacaagtcggcggtgacgcttaactacacgtttgcgcacgattacagtaacgcgatctaccctgtgttgcgttcagccgacgccagcaagcaggcgagagcgatgtacatgtatatcccgcgagcttccgaggttcgctactggtctggaattgcatctttcgatgacattccatccacggcggttaacgagatggaaaccgtaacgcttaacattgcgcttaaaggtgctcacgtcttccttccggttgccgtgtaa,6,12,8,0,2,6,6,4,1,2,0,1,0,5,5,6,1,2,5,1,3,1,3,3,2,3,0,1,0,0,2,4,6,8,6,7,6,4,10,3,1,7,0,4,3,3,11,4,1,6,0,4,1,4,2,2,0,3,3,0,2,7,3,3
Klebsiella phage 1513,Duplodnaviria,AVV16_gp09,bacteria,DNA,linear,NC_028786,YP_009197816_9,atggcgttaaaatgcaaggcggcagtggctaaatttgccgccgagaacgggttagtagttgcaggagataacgttgactttagacccccggcgggaggtgagacctaccttaaagtttcatacgtcgaggcgtattcaagatcggttgacatatcaaggaaatgccgcgtctatatggggatggttcagattgacgttatctttaagccggggaacggaacagaccatgcgaggcttattgcgcaaaacgttgcaaaatattttcccgaaggtgaaataattgatcctattaataaagtttatgtgagcgagtgggcggaagtacacggcgtacataagcacgagaggggttggttcttcccggttcggttcacagtaagatgcaacagcgtggaggatagcggttatccaaccacctaa,6,5,3,1,2,3,0,0,3,3,3,0,2,1,3,4,1,2,1,2,1,2,3,1,0,1,1,0,0,0,0,2,3,4,6,3,3,2,7,1,3,1,3,4,4,2,3,9,1,2,0,5,3,0,1,0,0,3,2,0,2,3,0,4
Klebsiella phage 1513,Duplodnaviria,AVV16_gp10,bacteria,DNA,linear,NC_028786,YP_009197817_10,atgcgttctccggtggatacagggcgcttccgtggtaactggcaaatcacatttaaccgcgccccgctttacgcgattaacgcatatgaccaaactggcgaaaagacaatccagaacggcaaagccaacattgcactatacgcaaaaggtgctgggatcacttcgatctggttcagtaacatgctaatctatgcgaacgcgctggaatacggccattcaaggcaggctcccaatggcgttatgggcgttgttgcgatccggttgggcgtttatgttactgaggcaatcaagcgagcgagggcgaaaaatgcattatga,3,7,2,2,3,0,0,3,0,0,2,1,0,7,3,2,2,0,2,1,0,1,2,0,1,2,1,2,2,0,1,1,2,1,1,1,5,2,6,2,0,6,2,2,0,0,1,5,0,3,0,3,1,0,1,1,1,0,2,0,1,2,1,1
Klebsiella phage 1513,Duplodnaviria,AVV16_gp11,bacteria,DNA,linear,NC_028786,YP_009197818_11,atgaactacaaagcaatccaggctcgcgcaagcgcgggcattaagttcttcagcgacgctgacggcgtgttcaacaagtacacgaaaggcgctggcggtggcatcgatcctgaaaccggggaagatatcattcctggcgaggtggtaacgacaatcaagggcgcgatcagggatgtaaatgaccgtgacattaacggcgaaaccatcctcgctggcgacaagcgcgggttcttcactcatgatgtgccaatcatggagggtgacgaaatcgaagtagacggagagcgctaccgcgtggttaatgcccgcccggtaaaaccaacgggaaccgtcgttgcctaccgtccagttttgcgcagggtggcgacttatggctaa,3,3,4,2,1,3,3,2,0,2,2,0,0,8,2,3,0,0,1,1,3,0,1,2,0,6,0,2,0,1,0,0,5,7,3,4,2,2,3,4,2,10,2,2,4,1,5,3,1,4,0,1,0,0,0,0,0,0,0,0,0,5,1,0
Klebsiella phage 1513,Duplodnaviria,AVV16_gp12,bacteria,DNA,linear,NC_028786,YP_009197819_12,atgagttacacaattcaagatgtgatcgataaaatgcgcagccttgcacctccgcttaaagcagttccagatgaactgctgtctgcgtgggttgtgcttgccgaagagttcgtttgcaaatccaggttcggagattccattgttacggcgatcgcattgatgaccatgcacctaatgtttttggatggcgcgatgaagcaagaaggtgaaagcctggaatcttacacgcagcgagtggcatcgttcaccctgaccggtgagttttcccaaacattcgatcgcgtatcggcgtcaagcgacaacgaaattctttctacgccgtggggcaaaatgtactggcgtatgctcaaaatgcgaggcggcggcttcggcctgcttaccgctggcaacgttcggcgttgcggagttgggaggtaa,5,2,1,0,2,4,3,0,0,3,2,1,0,2,9,3,3,1,1,0,1,0,2,1,2,2,1,2,1,1,5,5,6,1,2,6,4,1,4,1,2,7,1,2,1,0,3,6,1,3,0,0,1,3,2,3,0,2,3,0,0,5,2,2
Klebsiella phage 1513,Duplodnaviria,AVV16_gp13,bacteria,DNA,linear,NC_028786,YP_009197820_13,atgaccagtaaaaaagaaaccgtagaaaccgtcgaaaccgtagaaaccaccagtgccgaacaggcgtcgcaggttgttcaactacaaaacgttggtgcatgtgcaattcgctataaaggcaaaaattacgtctatgagcaggtttttgaagtgccagaaagcgagatcgaccgcttccgccacgaaatcttcaaaggccgcgtcgagttctacgacaatccgaaacgcacgcgcgaatacatcgcagcggtaaaggcgaaagcgaaagagatcgtgcagcctaaaagcgcggaataa,9,1,1,2,0,6,1,0,0,2,0,2,0,4,1,1,2,1,4,0,1,0,1,1,0,6,0,0,1,0,0,0,10,2,4,0,3,1,5,0,0,2,0,1,3,3,2,4,1,3,0,2,0,0,1,0,0,0,0,1,0,3,0,1
Klebsiella phage 1513,Duplodnaviria,AVV16_gp14,bacteria,DNA,linear,NC_028786,YP_009197821_14,ttgcaccagaaaaaaacctttgacggcttaacgattcgtgatattcttcatctcgttaagccaaatacacaaacaggagtttttcagatgactatgaaattagatgcattcgaacagagtgccattaaggtcgcaatgcagggcatgggcgtcgatgccgcaaaactggatgcttacggtatctggactgttaagcagatgactcaattactgaatcgccagtatgagcaggcatacccgcagaccagcgcacttgagcttttcccggtaactaccgagatctcgccgaccgcccgccgctttgagtggctcgaattcgacggcgtaacctctgcgaaaatcatcgccgattacaccgacgatctgccgaccgttgaagcgatggcaaaagagaagtcggggaaagttttccgcctgggtaacgcgtggtttatttccatcgacgaaattaaaactggcgcggcgctgggttccagcctgagcgatcgaaaagcaacactggcccgcgaaggtcatgagacgctcgtaaacgatctggtgttcaaaggctcagctcctcacggtatcgtgagcattttcgaccagccgaacattaaccgcatgaccgcttccgccgcttggggcgatgacgcagcagcggctgaaaaggcattcgaagatctggaagacctgcttaacatgatcgaagaaaccacgctgggccgccatcacgcgactaacatcgtgattcctccgtctaagcgtcgtcttctgaccaagaagatgccggacactagcggcgactcatatctgacctggttcaccaagaaccaccagaacatcaccatcacggcgatggcggaactggaagatatcgacggcgcaggcaccaaaggcgtgctggcatacgaaaaagacccaatgaacatgagcatcgagatccctgagcggttcaacatgctgccgatgcagccgaaagacctgcatttcaaagttccgtgcacctccaaatgcactggtctcatcgtgtaccgcccgctgactattgcgattctcaccgggatttaa,15,10,9,2,3,16,4,9,0,6,0,1,0,14,14,11,2,4,11,4,2,0,11,3,1,8,1,3,0,5,18,5,13,12,8,11,12,6,10,5,1,12,2,6,3,2,5,6,1,5,0,2,2,4,2,2,0,2,5,0,3,10,1,4
Klebsiella phage 1513,Duplodnaviria,AVV16_gp15,bacteria,DNA,linear,NC_028786,YP_009197822_15,atggcacagattccagcttcttattcccgcaagcgtgatattgctgtagcggggcagatcgctgatacgtcgctttataatatcgatggcacttgcgttgctgatggcgatatcaaagctggcgtactggtggcttccactggcgcagtttccaatggccacaaggtcgttaagccagctaccgcagcgagcgacgtcattgtaggcatcgcacagttctcgcaagcctactcgcctgaaggcaagtatgacgatgagagcgctgttaacgttatgactcatggccgcatttgggcgatcgcggacgccactgttacagaagcagattgcgtgttcggttctttcgttacctttaccgcaactggcaccgtggcgaagggtgatgccggggttatcaaaactggctataaacacactggcgaatacaccaaaaacgcagatggaactgttctggtgaaagttcaggtgcttcagggcgcggttgctcctgcggctgcggctggcggcggcggcactggtgcataa,5,2,5,2,1,5,1,9,0,2,0,0,0,6,2,4,1,2,5,1,2,0,0,2,0,2,0,1,0,0,2,2,3,3,1,9,8,3,8,11,1,16,2,3,3,2,5,11,1,2,0,4,0,3,3,2,0,2,1,0,0,3,0,1
Klebsiella phage 1513,Duplodnaviria,AVV16_gp16,bacteria,DNA,linear,NC_028786,YP_009197823_16,atgatgaaaagagttcaaaggttcgacacggtaaagatgaaggcccgattcgatgagaacggctttctggttgatactccgatcgtggcgcgtatcggtgcgcagacgtaccagacgccaaccgggccgcgagtcgagttccgcccgcgttctgaggtgtttgatgctgaatcgctggcttcataccagggtaagccaatcactttgggtcacaagatggtgaacgcgcagaacgcaaaaggccttgtcgttggctcgtgctccggcgctggcaaagaagaggggatcggcgttcttgttccggtgatgatttacgacggcgagtcaatcgagcaagccaaaaagcgcgtagcggctgagttatccgtgggctacacttcggtcgatatcgatcgcaaaggttggggcaacaacgcaactggcgaatattatttcgacgaagacctaccggaaaacttcgaagagatgaaaaatgattccgtctctgattgggttcgctttgatgcggtgcaaacgaagattcgcgtgaatcacgtcgcgctcgttttccgtggtcgtgccgggattgcgaaattaaatcttgatagcgaacaagaattcccctatgatgacgactcaaaccacaaaggagctaaaacaatgatcattaaaattgacggcgtagatgttgaagtagccgataacgtaggcgcttacattgccaaactagacgcgcaagttgcatcggcaaccagtcaggtaactagcatcaccgcagagcgtgacgcgcttcaggccaaagttgatggcattgaagatgaagttgccgcccgcgttgctaaaatcaaagcagacgaagacgcaaaacagaaagttatcgcagtggtttctgccgctggcgtcaagtgcgacggcctggatgttaaggcgatgaaggttgcttacatcaaagaggtagacggtcgtgatctgtctgacaaagaagattcgtacatcgacgcttcttttgactttatcgccaactctgataagatggctggcaatcgctccaaagtcttcggcaaaaaagaagatggcgagcagaaagataaaggcggcttaccgaaacttgacggcaccgaaatcatcgatccgcaggcaaaattccgccgctaa,25,9,10,4,1,4,4,5,1,2,1,1,0,15,9,7,5,3,9,0,2,1,7,0,2,9,0,6,2,1,4,5,15,17,11,21,9,10,10,11,1,21,3,6,7,7,8,16,1,7,0,3,3,4,5,6,0,2,2,0,3,9,1,5
Klebsiella phage 1513,Duplodnaviria,AVV16_gp17,bacteria,DNA,linear,NC_028786,YP_009197824_17,atgcaggacgcggtaacagaactcgtggtagagatgcgcgatcgcttagaccgactgaaatttgacgccactgcggaggagatcagccaggcggaagacgatatcagcgaatcggccatcgtgttcttttccgccgtaattgcggcgctttcatccattgggttgaccatctatagattcaattcgaaacagtggcttgcaattgcgatcgcggctggcgggcggaacaacgaatcagttatgcgcctgaaagaattcggcactggcgggtatgaagactggtatcaggaagcgctgaggaagtgggaagatgcagccgaagcgtcaatcaggaagttagcaagcgatatcgttgctgactggacgacgaaagttagaaccgccaacaacattggcaagtctcgcaagcagatcgatgaaatcatcgaaggtcgatacgctatctatggtagttggtcgcgcaaccgggcaagcggaatcatcggaacttttaacagtatgttgatgatgcagcgcctaaaagatgctaaagtatcgcattacttttggttcgggatgatggacgaccgcgagcgcgagagccatatcaagctagaaggtaagcgacgccccgttaatggcgacggcattttccccggtgaagagtacggttgccgttgttgggcggttccagattttaacaatgtagaggtatcatga,6,7,6,3,1,2,2,3,2,5,2,2,0,14,8,5,0,0,6,2,1,2,0,0,3,9,2,1,2,1,3,2,13,9,7,7,4,5,10,4,2,6,4,5,6,0,2,5,0,3,0,4,4,2,4,1,1,1,7,1,2,5,2,5
Klebsiella phage 1513,Duplodnaviria,AVV16_gp18,bacteria,DNA,linear,NC_028786,YP_009197825_18,atgaataacattaagatggacgactataatcaaatctttaatggtggcgctggttatgcgtcaaccctcgcgtctattgcggcaagatttgggacaatgtcgcaggttgaagagttctatcatgaaaacggcatggcgaagaaaatcgttgacgtgatcccggaagagatggtcgctcccggcttccagctaaacggcatttcagataacaccaagttccaatcagaatgggacgggttaaatctggagccgcaaatcaccgacgctctttgctgggcgcggctgtatggtggctcctacgtcctggcgatggttaacgatggtcgcgcgttgacttcggcagcgaagcggggtaagccactcgaatctatcgttgtttacgaccatgattccgtttccgtcgcagaggaggaaaccagcccacgaagcccacgattcggaaagcctaaaatgtacgaggtgaagccgctaaacggcgggcaaccgttcaaggtgcattatacccgtatgcactacatcgacggcgagcgagtaaccaacaaggtgcgcaagctaaacaggggtgctggtggttcggtgctgaacaagtcgatcattgaagcgattcttgactacgactattcggaatatctggcaacgcagctactgaagcgcaaacagcagggcgtttggaaggcgaaaggcctggcgctaatctgcgacgacaaagaaggcgagtacgccgcccgtttgcgcatggcgcaggttgacgctaattcaggcgtcggaaacacgatcggcattgatgctaccgatgaagagtacaccgttatcaactccgatattaccggcatcccggaattcctttcggcgaagatggatcggattgtcgcactgtctggcattcatgagatcgtgctaaaaaacaaaaatactggtggcgtaagcgcaagccagaacacggcgctacagacgttctacaaactggttgaccgcaagcgcaatgacgattacaagccgctgttagaatttctgttacagttcattgtaacggaggaggaatacagcgtcgagttcgaaccgttgtcgctgcctaccgatgcggagaaagcggatatcttccagaagaacgccaacgcggctcgcggactcgttaccgaccaggttatcgacgccaacgaagcgcgtgatactctgtcggcgttgattcctgaactgaagctaaaaggcaacgctccgaagcagaaaaaacttccggatcgcgcctctggttcaggaagcacgcaaagcgcggagatcttaaacaacacggaggcggatgatgaaagttaa,12,19,19,7,1,11,7,3,1,7,1,1,0,15,10,11,5,1,12,4,3,1,9,3,3,8,3,3,8,3,14,4,17,16,16,14,6,5,21,8,4,16,3,10,3,6,6,12,1,10,0,7,5,4,8,4,0,2,3,0,4,10,4,3
Klebsiella phage 1513,Duplodnaviria,AVV16_gp19,bacteria,DNA,linear,NC_028786,YP_009197826_19,atgaacgaaatgatcatttgggaagacctgtcgccagccgataagctggcgattaaggcgctgagtacgcgcaacttttcgctgttcctgaagatctggttccagattatccaaggcgaaaagctgatgtggaactggcatcactcttacttttgccacacggttgatgaaattatcgccgggaagcgcaaaagcacgatcgttaacgttgcaccaggctcaacaaagacggaggcgttttcaatccacctcgcgccgtatgcgtatctgaaatgccggaaggttcgaaaccttcagatctcgcagggtgacgccctgtcaaaaggcaactcggatcgcgtgattaagatcttctcatcaagcgagtggcaggagctatggccatcaaagttcgggcgcaagcagatcgatgaatttcaggtcatggatgataacgaccgcgtaaggctggaaatggtatcccgctcatccggcgggcagattgtcggtaagcgtggcgggtacatgacgccagggtttagcggccttatcgcgcttgatgatatcgacaagccggatgatatgttctccaaagtgaaacgtgagaaaaaccacgtgctactgaagaacaccatccgatcccgtcgagcgaagaagaagaaaggcgatgaaacgccgattctgtcagtgcagcagcgattgcacgcacaggattctacctggttcatgatgagcggaggcatggcgattgacttcgatcgaattgttatcccggcgatggtaacgcgagaatatggcgaatctcttcctgactggttgcgtcctgagttcgaacgcgacgtgctttccggcccgtcggtggtcattgacggcgtagaatactggtcattttgggaggacaacgaatcgatcgagaacctggttgccttgcgcgaggccgatctttatacgttcctttcgcagtatcagcaggagccaatcgccctgggtggcaacgtgttcaagtcggagtggtggcgctattacggcgattccgacaaggcgcacgagccgcgcccggacaagttcgaatatacgttcatcacggcggacaccgcgcagaaggtcaaggagctaaacgactactctgtaatgtgctattggggaaagtatcgggatcgcgtctacttcattgacggaattcgcggcaagtgggaagcgccagatctccgcgttcaggccgaagcattcatcaagcagtgctggcgtcggaacaaggagtgtgggaaccttcgccggatctacatcgaagacaaggcgagcggtacaggcctaatccaggatttaacgaaggcggtaaacggcatgggagagatcgtcccggtgcagcgcgataaagataaggtcactcgcgctatggatgcacaaccaatcatcaagggtgggcgtgtcgtgctgccggacaatcacccattcgttgcagagcttgaggcggagatgagcgcgtttacatatgacgattctcatccacacgatgatatttgcgacaacgtgtttgacgccgcaaacctggaaatgaacctgagcgacgatccggtagagcgaatgaaacgccttgcgggattgaaaaagctgggtcgctaa,10,19,30,1,3,3,11,1,0,7,1,1,0,23,17,13,2,8,18,2,9,0,10,2,7,18,4,6,4,2,17,10,17,20,18,25,6,8,18,1,5,16,7,6,7,8,10,8,1,7,0,10,9,6,8,5,0,5,15,1,1,15,4,8
Klebsiella phage 1513,Duplodnaviria,AVV16_gp20,bacteria,DNA,linear,NC_028786,YP_009197827_20,atgtctgaagaacgtagaaaacgcgtaacgaaatcgcactttgcaggcaactttaaagcgctatatgaaaaggagttcggcgtagtgctggggcgcacggcagagatgacaccggaacaattttttgatatcgctaaacgttactttcagtgggccgaagagaatgcaatcaaggctgcggagacagcaacgttccagggagacgttaacgagtggggcgtgaacaagccgcgcatttttacgctcacagggttaagcctgttttgcggcgtgaaccagtcaacgcttacacgctaccgccacgatcacaactacgctcccgtcatggagttcatcgactccgtgatttatgagcagaaattccagcttgctgccgtcggcatgattaacgcttctttcgtcggtaaggaaatggggatcgataagccgccagtgctgaacatcgacgctatcgccggggataagaacgagatcaccgaagagaagttggagaaggcagtgaccaatattcttgataagctgtaa,5,8,9,2,4,2,5,0,1,1,0,0,0,7,5,4,1,3,5,0,1,1,3,0,0,5,0,2,1,1,4,3,7,3,10,5,5,3,2,6,1,5,4,1,2,3,6,1,1,3,0,2,1,1,1,2,0,1,2,0,1,5,1,7
Klebsiella phage 1513,Duplodnaviria,AVV16_gp21,bacteria,DNA,linear,NC_028786,YP_009197828_21,atgctgttcataggctatcacgttggcgcggctcatcttgtcgagcgcctttcaaagcgggtacatgaaggcacgtttgctgccatgatgtacaataagaaaacggcacgttgggaaaaaattggcgatccggatggtatcgcaaaacgaattgctttttcgccgcttccgtatgttgactgtgagctatttgtgaaactccagaagacgctgaatcggcgaaacaaactgatatga,5,1,3,2,0,0,3,0,0,0,0,0,2,1,3,2,0,1,1,2,0,0,3,0,2,1,2,1,1,1,3,3,2,1,2,2,2,1,1,3,0,4,0,1,1,1,1,2,0,1,0,2,1,0,1,0,1,0,1,1,0,1,0,3
Klebsiella phage 1513,Duplodnaviria,AVV16_gp22,bacteria,DNA,linear,NC_028786,YP_009197829_22,atgatgcaatataagatcatgctcacggcaaggaaaatgggtggcttttgcaaatcctgcattcaagagttcagcatgacacttgaggcgaacgataccgccgacgcggtggagaaagcaaaaaagcaatccggcgtcaatctggatacgcataaaatcaacatcaactacataagggaagtcaatcaatgttaa,5,3,2,2,1,1,2,0,0,1,2,0,1,3,5,1,4,0,0,1,0,0,0,0,0,0,0,0,0,1,1,1,1,1,3,2,2,1,2,0,0,2,0,1,0,2,1,0,1,1,0,1,0,2,0,0,0,2,0,1,0,1,0,1
Klebsiella phage 1513,Duplodnaviria,AVV16_gp23,bacteria,DNA,linear,NC_028786,YP_009197830_23,gtgaagcaagtggcaaagcagatggccgcagaaaccaaagacgctatcaagaaggacaaaaagacctacgatcaggtcgccgcgaagatgatcgacaaacactggtcgcaaatcaacacgctggttactcgtggccagtttatctggatagctggctacctggagggaagattcgggcgaagggatggggagtatgaataa,3,1,6,0,0,2,1,1,1,0,1,0,1,4,2,0,2,1,3,0,0,0,0,0,1,0,0,1,0,0,2,0,2,3,2,2,2,2,1,2,1,2,2,0,0,1,2,1,1,2,0,1,0,0,1,0,0,0,2,0,0,1,0,1
Klebsiella phage 1513,Duplodnaviria,AVV16_gp24,bacteria,DNA,linear,NC_028786,YP_009197831_24,atgcctgaatactcaaaagtcgaagatatgccgattggcgcaacgattacgggtatctgtatgagtgagtcggtcgacgccatcaagccgctggcgttcccggttacgcaggtggagacggacagcagaaaagggttcatcttcatctacaaaaatttcaatagtccgctgcgtgttgaagtgttcattgctcgcggaacctgggtggagtgggagaaggccaaatgttcggactga,4,0,2,2,0,1,4,0,1,1,0,2,0,4,3,3,0,0,1,0,0,0,4,1,0,1,0,1,0,0,2,0,3,3,4,1,1,2,1,1,1,1,1,1,0,2,3,2,0,2,0,0,1,0,2,0,1,0,2,2,0,5,0,0
Klebsiella phage 1513,Duplodnaviria,AVV16_gp25,bacteria,DNA,linear,NC_028786,YP_009197832_25,atgagcaacaagatttgggtgctgacctacactatcggaaccaacgaggggcgcaaatcgcgccgcctcatctgcgacaccaaagagcaggctattatgcagcaaaccgttcttggtggcgatcttgtcgaatatttccgcaagcctgaagcgttcaaggtgaactggccggaaggcatggatatcaacggcgcgttagcgagcctgcgtgagatgcagcacaacccgaagacgtggagcgactttcagtgcctgcgggcggagccggaagtgaaggccgacccgttcaccaatattcgggcgcagcacgcggaatggtcggatcgccagttcggtaacgttgggccagtcgggccgctcaatcacctggcgaaagaggcgatcgaggccgccgaagcgccggatgacattagcgagttcgccgatatcctaatgttggtatgggacgcaacgcgccgcgccggattcagcgatgagcagttggctgaagcggtggtggaaaagctggaacggaacaagcgccgggcgtggggcgaggtcaaagatggcgaaccttgccaccacgtaaaaaattaa,5,7,7,3,0,5,2,1,0,5,0,0,0,5,5,4,1,5,7,0,1,0,6,2,0,8,4,1,1,2,5,2,10,5,9,7,1,5,11,2,2,5,3,2,2,3,5,2,1,1,0,1,0,0,2,0,0,3,6,0,1,6,2,1
Klebsiella phage 1513,Duplodnaviria,AVV16_gp26,bacteria,DNA,linear,NC_028786,YP_009197833_26,atgaaaatcaaaatcaccaaagtagacactcttaacggcgacggctcaattaccctggaagaatgcggcctcaaaatcggcgaagttcttgaggtcgacggccacttcaacgacggctcctactgtgtgatcgctccgcgcaatagcgagtttatccaggctggtgacaatatcagcgtgagcaaagacgaatgcgaggttgtagaagaatga,5,2,0,2,0,2,0,1,0,3,0,0,0,6,1,1,0,1,1,0,0,0,1,0,0,1,0,0,0,1,1,2,6,6,3,0,0,0,0,2,0,6,0,1,2,1,2,2,0,1,0,0,1,1,0,0,1,2,0,1,0,1,0,1
Klebsiella phage 1513,Duplodnaviria,AVV16_gp27,bacteria,DNA,linear,NC_028786,YP_009197834_27,atggcaaccccatcaaagacaaggaaaaacatcatgatttacgcaattattgccctggtggttcttattctggccctgtatgcgtgcggctgtttcctcatgcgggccttcctgaaatcggcggattctaccgacaaagaagatctttatcctgtgctttgctggccctggattacactttccgccgttggcagcgtgatcatttcccgcaactttaagtggtga,3,2,2,0,2,2,0,0,0,1,1,0,0,2,3,6,0,0,0,0,1,1,0,1,0,1,1,0,0,1,4,4,1,1,0,2,2,4,2,0,0,2,0,0,0,0,3,2,0,1,0,2,1,2,1,1,1,2,3,1,0,2,0,1
Klebsiella phage 1513,Duplodnaviria,AVV16_gp28,bacteria,DNA,linear,NC_028786,YP_009197835_28,atgaacaacctgaaaattaccctgatcccgtccgtcgattcaacggttgactctttcgctaaatttaccaagggcaagcgctaccccgccgttgccttcaccaactactccggcgaaatgctgtacaaggtcgtagacgacaacgggcatgagcacgcggtaaacccaaaagggtctaagtgccttggcggccatcgcttcgatatcgagtatccgatcgaggattgcagcaagcgcgagtcgctcaccatcagcgcggcaaccatcgagggcgggtttattagccgggcctgcatcgttgacctgatcccgtccgataatcacgccaaagacgacgccgacccactgttaaaagccgtcgttcgcgccgggatcgattgggcgcttagtgatgcctcgtgcgaatcattcatgcgggaaccattctcacgaatcgcggaacttgaaaagcaggttgcgttcctgactggtgaacttcaggcggctatcgccacgatcgagaaggttcgggaaataatgcgcaccgaacctggctatgacgttgaagatcacgcgcgagttttgcgcatgatggccgacgccttcgcaaagctccagcaatag,5,5,8,1,0,6,2,1,0,3,0,1,1,11,6,2,1,3,3,2,3,1,3,1,2,6,3,0,0,2,6,4,9,9,6,7,2,11,7,2,0,6,4,1,2,3,0,8,0,3,1,2,3,3,2,2,0,4,1,0,1,7,1,2
Klebsiella phage 1513,Duplodnaviria,AVV16_gp29,bacteria,DNA,linear,NC_028786,YP_009197836_29,atgaacaccgtcaaacttatggttgtcaacgtggccagcgagcgtgaacgccaccttgtcggcttcgtattcgatgccgtcaaggtgcacgaacaactaggcacattgtacgtaatccagggcggataccttaatgattttatcgtcaacccgctggatactgacgaagatttgaccatccgtgttggtggcgagccggaaaacgcgcttttccacctgcggaaagtatcaaaggcgtcgcagcgcaagttgctggttcgcgcactgaagcgcattgcgaaggagcgcggatacaccgacgcatacatccgcaagttcggcacgttcgcgggcgtaggcgattgggcgcggtcatgggccgacttctacttcgataaatacggcgaattctgttccgtgcatacggactggctgcatggaaccgaacacgatccagttaacggccacgagtggtgcgaattcattgaggctgaattagacgccctttga,3,5,6,1,1,4,2,1,0,1,0,0,0,4,2,2,1,5,2,2,1,0,2,0,0,6,2,2,1,0,5,5,8,5,5,7,2,4,5,1,3,9,0,1,4,5,3,4,0,6,0,0,2,1,1,0,1,1,4,1,1,9,3,1
Klebsiella phage 1513,Duplodnaviria,AVV16_gp30,bacteria,DNA,linear,NC_028786,YP_009197837_30,atgaacgacaatttaatcgcactgctggaagaactgaattcctacggctgcgcatacatcgagctttcgagcgagcaggttattgaagtcgcaatcgacgatgacgccgggtttaccagattaagggtggcggcaggggctgaagaggaattcgaagactgcggcatccgtgaagtaaccaaccttcttgaatcccaccaggtgaaggagatccgctaa,0,2,1,2,0,2,0,0,1,1,1,0,0,5,1,1,0,1,2,0,0,0,0,0,0,1,0,1,0,0,3,3,8,4,4,1,4,1,1,1,0,2,2,0,1,1,2,1,1,2,0,0,0,2,1,0,0,2,0,0,2,1,0,1
Klebsiella phage 1513,Duplodnaviria,AVV16_gp31,bacteria,DNA,linear,NC_028786,YP_009197838_31,atgaaaaaagtaccatactggatgctgtttattggcggacttctactgcaagacggtagcgccgttggagcgatcggaactatttgcattatcataggggtaagccgcctctctgagattaacagcttccgccgtggtcgccgggcagcgttcagcggcgaaaaagaatag,3,1,0,0,0,0,0,1,0,4,0,0,1,2,2,4,1,0,0,0,1,0,0,0,0,3,1,1,1,1,2,1,2,1,1,0,1,1,2,0,3,2,1,2,2,0,0,1,0,1,1,0,0,0,0,1,0,1,1,0,0,2,0,1
Klebsiella phage 1513,Duplodnaviria,AVV16_gp32,bacteria,DNA,linear,NC_028786,YP_009197839_32,atggaagcgcttaaagttatctgtacgcacgtcggctattcgccgctatccacctatttcacccctggccgcgagtatgacgccaggttcggccccggcctggatgaagtatggattttgcaggacgaccagaacaccactgaggacgaagaattctggcccgcctgccgtatgccggacgaaaagatagccatgtactccaataggccatatgaaaacaacgttttgtttgaggtaaaaatatga,2,3,1,1,0,3,1,1,0,0,2,0,2,1,3,1,0,1,2,0,1,2,2,1,0,1,0,1,1,0,1,1,6,5,3,1,0,3,1,0,0,4,0,0,2,1,0,2,0,1,0,4,0,2,1,0,1,1,2,1,0,3,2,1
Klebsiella phage 1513,Duplodnaviria,AVV16_gp33,bacteria,DNA,linear,NC_028786,YP_009197840_33,atgatacgtttatcagaattcgatcgccactgcttaaccgggcaatttggcgaaaagccagtaatgtgcaagatatcgaaggttaagggcgagccgtttgagcaaatcagaacgcttataagttttgccagacgaaaccgcctttacatccaggcgcgcggcggactgttcgcaaagcaggttcattttgcgtatggaacagggttctacactggcggcgacggggttaacccatcgacgaaaagggttaggctgcgcgagataatcgaacacggctacgtttggactaacgggatctactaa,1,3,5,0,1,1,2,2,2,0,2,1,4,4,2,0,2,2,2,1,2,0,1,0,1,4,0,1,0,0,2,2,3,1,3,1,1,1,2,0,2,6,4,0,1,0,0,5,1,4,0,1,1,0,2,0,0,2,1,0,2,3,0,4
Klebsiella phage 1513,Duplodnaviria,AVV16_gp34,bacteria,DNA,linear,NC_028786,YP_009197841_34,atgattcgcactaccaggccgctacccaataacctttacgccacgattggggttcgcgcggtgagactgattcacgtcaacgaagttggcaacgtggctattttgtggtttaagcgccactcaagcggggttggcctgagcattgaaagattcgggcgctttaacggtaactcacaaacccactcccattgggcggatggcacttaccaatggacgcacgttaagcacgtcaagaacttcgacgccaaatcactgagcgacgacgacgcctggaagatggtaacagatctctttggttatgattcctgcatggaggtagtaggatga,1,6,4,1,1,2,2,2,2,3,1,0,0,0,3,5,2,5,0,1,0,1,1,0,0,4,0,0,1,1,3,1,2,4,1,3,0,3,2,1,1,3,3,2,3,2,2,4,0,2,0,1,3,2,0,0,1,1,4,0,0,2,1,3
Klebsiella phage 1513,Duplodnaviria,AVV16_gp35,bacteria,DNA,linear,NC_028786,YP_009197842_35,atgattcacgaagttaaatccggcgagcaagtagtggccaccatcacgcagcgccacgttgtagccttccagattaacatccctggcacgttcgatatgcagtcgcttgacgtgccagtttgggccaacacggttgccattgatgccgacggctcgatttgggcctatgagtcgaccgttgaaaatgttcgcctactgagctactcgcctgattcatgggtggataaggggcatggcgtaaacaaaatggttcaggtgggcgaaatggctcgcttccctgattgggcaaaatcgaagattgaccttcgcggcctgaaatag,4,3,2,1,0,2,3,0,0,1,0,0,0,2,4,5,1,2,4,1,1,0,0,3,0,4,0,0,1,0,2,2,3,3,2,5,1,6,0,1,0,6,1,0,3,0,4,7,0,1,1,1,1,1,5,0,0,0,4,0,0,3,0,0
Klebsiella phage 1513,Duplodnaviria,AVV16_gp36,bacteria,DNA,linear,NC_028786,YP_009197843_36,atgcgttatcattaccccatcgaaacagaggagcaaaaaaacatgattggcaaccacaacaacgaactgaacgcagcagcccaccgtcgcgccgtcgagcagaacttcaacgcgcttaaagtagcctgcgatgagatgaaagcaatgcttgaactgccgtcatgggatccccaactcgaagactactatgacggcctccgcgtcaagcgtgatgatatcatcaaccgcctgcgcctggctggaatgttcctgtaa,3,8,1,0,1,0,0,0,0,0,0,0,0,3,5,1,2,2,1,1,0,2,1,0,0,4,0,3,0,2,5,2,4,2,4,4,3,3,1,1,1,2,0,0,1,2,0,0,1,2,0,2,1,0,0,0,0,1,1,0,0,2,0,0
Klebsiella phage 1513,Duplodnaviria,AVV16_gp37,bacteria,DNA,linear,NC_028786,YP_009197844_37,atggccatgccacgattttcagcaacaaccaaacttcgcaccttcgccgggatgccgatcccacactcatcaaccaaagccgtccagggcagcgagcacggcgtatacttccactggttaggcaagtggcgattcaccgtcattcgcggcttttacgtgacctgcgatcgcgtagatattgccgactattccggcgggaaccagattcacgagttcaaaaggcacgaatag,3,1,1,0,1,5,0,0,0,1,1,0,0,1,3,3,0,5,2,0,2,0,1,0,2,3,0,0,0,0,0,1,1,1,2,2,1,4,0,0,0,5,2,0,2,2,1,0,0,2,1,1,3,1,0,0,0,1,2,0,1,4,0,2
Klebsiella phage 1513,Duplodnaviria,AVV16_gp38,bacteria,DNA,linear,NC_028786,YP_009197845_38,atgaagatggataaggttatcaagatgagcgaagtcaagccgggcatgatggtcaagtttgctggcaagtttcgcctggttctcgcagcagatcgcaaggcgaacattctcactattcgcgttaatggcaaggcccaactcttcgcgccgcagtccgacattgaagttgaagttcgtatcaagtaa,0,1,9,1,0,0,0,1,0,1,0,0,0,2,5,3,1,0,1,0,0,0,2,0,0,3,0,1,0,3,1,0,3,1,0,2,2,1,2,1,0,3,0,0,0,2,0,5,1,0,0,0,0,1,0,0,0,0,0,0,0,1,0,2
Klebsiella phage 1513,Duplodnaviria,AVV16_gp39,bacteria,DNA,linear,NC_028786,YP_009197846_39,atgattactctgattacctgggaacacgaaaacagcaagccagaagtgcgcgagttcgagaccgtggcggattgctacaacctggcggcaaacggtggcttttacaaggcgcagattgttaacgagttcggggttgttgattatgaattttaa,0,4,2,0,0,2,0,1,0,1,0,0,0,0,1,3,0,1,1,0,1,0,0,0,0,1,0,0,0,0,2,0,4,0,3,2,1,0,3,0,0,1,1,1,0,0,2,3,1,2,0,1,0,0,0,0,0,1,1,0,0,2,0,2
Klebsiella phage 1513,Duplodnaviria,AVV16_gp40,bacteria,DNA,linear,NC_028786,YP_009197847_40,atgaaactatatccagaccagaacgacccggcggcaccgatgcgcctgggcgacacgccaatcgacgagcaggaggttatcgcagccattgccagggcatcggacgacgaaaatccaaccgccctggaatgcgtgacagccgacctgctgttaatgtcatttcttccggaatctgaatcttacattcagcacatcaccgagacgggccaggcagtgacgaagccggaattcatcggcgcgtcgaacgtcctggcgatgatggccgatgagtcggataacatcatcagcctcgactatccgcaatag,1,3,1,1,1,2,3,0,0,1,1,0,0,6,5,2,1,1,4,0,3,0,5,0,0,1,0,0,1,1,5,1,5,8,4,2,4,5,3,0,0,3,0,0,0,1,2,1,0,1,1,2,1,0,3,2,0,1,0,0,1,1,0,1
Klebsiella phage 1513,Duplodnaviria,AVV16_gp41,bacteria,DNA,linear,NC_028786,YP_009197848_41,atgcaatacaaaggctatgagttcgaagaagtcgacgtgtccgagtggatgaagtacgacgcagaaaagcaagccgcttaccatgaatggctgcaatctatcacgtttggtgacgccaccaggccagccgggcggagccaggaagcctcgaagccggaaggcacattcactggcaaccgctcttccgagatccggcgcatgttcctggatggcgggcggcgtatccagatgacggcggaggagttcgcggagaagttcggcgttcacccggtcgacaaccatttccgcaggccgttgctgaaactcctggagccgggcgaagtgttgcgagtgagcctgggggcggggttaatctccgtctttaccgagttcgacgcaatgactggctcacacctggaagccgaggcatacaggcggcagggcgctatctctgagcgggaaagatgccttgccatcatagacgaagtgatgccaaaaggcctgctttataacggttacacaatggcactgaaagccaaaatcacaggagaataa,5,3,4,0,3,2,2,2,1,2,3,0,1,7,7,0,3,2,3,2,2,0,4,0,1,3,5,1,0,1,8,2,11,6,10,1,4,7,3,2,1,9,4,2,0,3,4,1,1,5,0,2,1,3,1,3,0,1,2,0,1,7,2,2
Klebsiella phage 1513,Duplodnaviria,AVV16_gp42,bacteria,DNA,linear,NC_028786,YP_009197849_42,atgaaacttcaacgcgaatcaatcaacctgggcagcgagtataacggtaagtggaacttcgttatcatggatagcaacgccgacaagatcgaagcggttgaggaagcgttatgcgaaatggccactggcttctctgtcggcggcgaagagaaaacctggggcgactactgcgaccaatgcccttgctatgacgatggctatggctccggcttctggattccggtcgaagatgttccggccttcaaagaggcgtacaaggcagcgaagaaagcagtgaaataa,5,4,4,0,0,1,0,1,0,2,0,0,0,3,3,1,2,0,0,0,0,0,2,1,0,1,0,0,0,0,1,1,6,4,4,3,2,3,4,0,0,8,0,1,0,2,1,3,1,2,0,3,1,1,0,1,0,4,3,0,1,4,0,0
Klebsiella phage 1513,Duplodnaviria,AVV16_gp43,bacteria,DNA,linear,NC_028786,YP_009197850_43,atgaaagcatttgcggatgtagtcgtcggggataaaattcaatatggcgcaagcgatctgttccgtaccgtaaccgatatcgagaaggggcgcggcgtcaatgggtttactgtcttcgtggtgctcgacggcgttgcacgctttgcggttgacgctcgtgattgggttttctgcatcgagaagggccaggtatga,2,0,2,1,0,2,0,1,0,1,0,0,0,2,1,1,1,0,1,0,0,0,0,0,0,2,0,2,0,1,1,0,0,2,2,5,3,0,2,1,0,4,3,0,3,4,2,3,0,0,0,1,0,0,0,0,1,1,1,0,0,3,0,3
Klebsiella phage 1513,Duplodnaviria,AVV16_gp44,bacteria,DNA,linear,NC_028786,YP_009197851_44,atgaggaaacggcgggccggggaggtggtttgcacctgcgatgcttatcccttccctcatcgaatgttcggcggttcatgcaacgggatcgccattgtcattgccagcgttggcggtgcggagtgccagcattgccagctactgaataacggggcgtgcgaggtgctggcgggtatcgagaatccgatcgaatgccattacgtcgccgacttcatccaccaaaacgaggttaaaatataa,2,3,0,2,0,1,0,0,0,1,1,0,1,4,2,2,1,1,2,3,0,1,1,1,1,0,2,0,1,0,2,0,1,1,5,1,0,4,3,1,0,2,3,3,0,2,2,3,1,1,0,1,1,0,0,0,0,7,0,0,0,3,0,0
Klebsiella phage 1513,Duplodnaviria,AVV16_gp45,bacteria,DNA,linear,NC_028786,YP_009197852_45,atgcgaacagttaccatttcgaacagcttttcctacatcatcggatcgccggaagagcgtatcaaggccatgcgcgacaaggcgaccaatgacgttaccgacgccttcagcgctgcggctaaagctgcgatcacgcattactacggtcgtggcccggaagagttcagcgcagacaatgcgcccttcctggttgtcaaaaaggaaggcggtaatgtatggcaaatcaacgacaagcagactggcgagtttattttcggatcggttccgtgccgggtaggaagcaacgatgttaccatccaggaactcggcgaaaaagaacctcgcgttcagcgcacgatctacatcagccaggattacgcgacctgcgttccggcatag,3,3,4,3,1,5,2,1,0,5,0,0,0,8,2,2,1,0,4,1,0,1,4,1,1,3,1,2,0,1,1,0,6,5,3,2,2,2,5,3,3,4,0,2,2,1,0,7,0,5,1,0,0,1,3,0,0,2,1,0,0,4,0,2
Klebsiella phage 1513,Duplodnaviria,AVV16_gp46,bacteria,DNA,linear,NC_028786,YP_009197853_46,atgaaccatccgaagactgattccattctcgccgtcctgaacgcgcatggccgcgtcgttctccgcatgaaccgcgcctccggcttcactcagatcacgatcacgaagtcgaaaggccgctacatcatcgggacggttccgggcggtcgcctcgttcagtcctccctggctggcgtcactctgacgctggaatcgaacagaatgttcattgaggcgtggaaagcatga,2,4,2,0,0,0,4,3,1,0,0,0,0,4,3,2,0,0,2,2,0,0,2,0,0,5,0,0,0,3,4,0,1,0,1,1,1,2,2,1,0,5,1,1,0,3,0,3,0,1,0,0,0,4,2,0,1,0,1,0,0,2,0,0
Klebsiella phage 1513,Duplodnaviria,AVV16_gp47,bacteria,DNA,linear,NC_028786,YP_009197854_47,atgaaagaaaaggttatttactgcatgttcgacggctcaggcatcatgggcctgccgtgggccatcaagggatgcaaggtgtattgcttcaatgccgactccggcgaccacggagaatatagcattcgaatggttcaccccaatatccagtatgttaacatttggatcgacaaggattttgacgtgaagcgatcgattctcggcattcccgatcctgacttcattttcgctttcccgtcatgcacgctgttagcgcatagcggaatcaagcacgtaagggaagataatgacgttctatcagccgcagatgatgcgaagatggtcgagcaattaggcaataagtatggttgcccctggatggtcgaaaacccggttggaaaattgtcgtcactatggcgcaagcctgacttctattttcacccgcgcgacttcggcggctatgtttctccgagcgaacctgtgtggcatcccaaaatgccccactgtgacaattacacgaagaaaacgtgcatatggcacggaaacggttttgtcgaaccgaaacggctccctcctccggatggagtagaaggcgtgaatttcttttgggcctggaagtttttgggcggaaggtcagaaaggactaaaatgctgcgttccattactccgcgaggttttgcccgcgccgtgttccaggcgaattatcgagaatag,6,3,11,7,0,0,3,2,0,3,3,0,1,5,8,7,1,6,2,2,0,5,8,5,4,3,1,1,2,2,3,0,9,10,1,6,1,6,3,1,7,10,0,3,2,3,5,6,0,2,1,7,5,2,2,1,0,6,8,1,2,9,2,6
Klebsiella phage 1513,Duplodnaviria,AVV16_gp48,bacteria,DNA,linear,NC_028786,YP_009197855_48,atgaaatttattatcttgatgatgttaactattttgtgtatgtccgggcctggtggttttatctttgccgtcatgctgttagttgttgccgggattattgatatccgccatcaccacgtaatgactgatttaaggcttaatcggctgattaatgatatcaaggccgcttgcgaaggcatggaaataaaggtggtgaagaaatga,2,0,3,2,0,0,0,2,0,0,1,0,1,4,7,5,0,2,0,1,0,0,0,1,0,1,1,0,0,0,2,1,2,0,0,3,0,3,0,1,0,1,2,2,1,1,2,2,0,0,0,0,0,1,0,0,1,1,0,1,3,0,2,3
Klebsiella phage 1513,Duplodnaviria,AVV16_gp49,bacteria,DNA,linear,NC_028786,YP_009197856_49,atgatatctcaaaagctcgccgaagtatgccgcgaagttctcaggatgaataatggcggcgcaaccctggctgcgatgcaaaataaaattgagtcgcacattggctttaaattgagttgcagaaataaagccgactttctggatttggttaacctgtatattgagatgggagaaagaaaataa,4,1,1,4,0,1,0,0,2,0,1,1,1,0,4,3,2,1,0,0,0,0,0,0,0,1,0,0,0,2,3,0,3,1,2,1,1,2,1,1,1,3,0,0,1,0,0,2,1,0,0,1,0,0,1,1,0,2,0,0,0,0,2,2
Klebsiella phage 1513,Duplodnaviria,AVV16_gp50,bacteria,DNA,linear,NC_028786,YP_009197857_50,atggcgaagtcaatcaagattaaatgcacgtcaagccgtgccgttaacatccatgaaaacaacctttattccgcccgcgtcgacgatgaaggcaacgtgtcaatgatggtatatgacagcgtagaactgaagaagaagcgcgttattttgtcggtaggcgttagcggtgagttgtttattgctggcgacggcggagcggcggttgcgacgttcatcgaactcaaaaccaaaacgctaaaatgcgtcggccttgaccatagcaacccgatgaaaaaatccttcagcgtcggcaagcgctaccaggtagaaagcggtcgtgcgctcggcgcggttgctggatacatcttcgaccgtgacggttgccgctggacgctgtaccgcgaggaagtgggcttcagtgtatcggacggaacgactttcgaagctaaatacctgtga,7,5,6,0,0,1,5,1,0,6,0,1,0,4,4,3,0,0,1,2,0,0,1,0,0,5,0,3,1,2,3,2,7,7,2,1,0,2,6,3,3,8,0,3,5,3,2,5,0,4,0,2,3,2,2,0,1,3,1,0,0,5,2,1
Klebsiella phage 1513,Duplodnaviria,AVV16_gp51,bacteria,DNA,linear,NC_028786,YP_009197858_51,atgtttttaaatgaccgcgtatcaccgcaagatattatcgccatcgcagaaagggaggggatcagtcccctgcgcgttgcgattcgtgcgaacgggtatcgtgactccgtttcattctggccaaagcccaaagatatcgacgtaaacgcggataagtacccaacaatctcgatcgccaatgattacgatgtggtcggcaagctggcgctaaatgcagcacgttctgttcagttcccggaatcatccgcttacatgcactttctcggaaccgtgtccgccgcgatgatgggtcgcttttgggtcgagtaccacggcagcgagcaaccgacaacgctttacgttatcacgtcgcagccgccttccgctggtaagtctgccattaactcgctggccatcgatccgatcgttgccgaagtcgagcgcattaacgagtcgcgcaagaaggagcgcaagaaaatcatggcgaagctgtccgccaacaagcaggcgctaaaaggggagttatcgcaatctgatatggtgaaacttttcgaagatcgtgacgaactggaagagaaacttgaaaaattatgtgatctaactttcccggtatcagataccaccccggaaggtctggcgaagattaacaaccgccagggaaactttgccgttatctcggatgaggcgacggcggttaacagccttttggggatcacgtatggcaacgatggcggcaagaagacgaacagcgaactggtgctcaaagcttgggataaaggccacgtatcgatcgctcgtgccgacgttagcaataacatgtcattcgtggctttgggctgcatttgcgtaattgcacaggatgaaaccatcgacgccatcatgcaagcgggttctcgcgggatcggtgtctcggagcgtttccttttggttcgtgagcaaacacgtttaggcgaacgcgtgttcatcgacgaaaacgggaattcgacctatgagccgatcgaccagtcactgaaggcagattacttccggctgattcatgacattatgagcgaatcaaacgttaagttgcaggttactgacgcggcaatgcggagactgaataaggcccgccaggagttagaaccggagttaggcgacggcggcaagtattcgcataccatgcttcgcggcgcgatgggtaagtttgataagcaggttatgcgtctggcatcagtgattcacacgatccggaactggcaacccggcgggaagcgctcgaagaagatcgacacggcgaccattgacgaagcgatcatcatgttccatgaattgagcaaaacgtatttgtcgtcggctgactcttccggctttgctggtgagggagcggaaattaaagcgctgtatgacgttatcgccagtcgttgcaaacaggcaaaaggtgttatgaccgtccagggcatttataacgcctgccgcaacctgaagatcttcaaaggccaggccggggtgagcaaaaagattaaggaacgcttattgccgaagatggaggaattaggctttatctgcgtgatggattccgaagtctttatcaacccgtcgttcatgaggtaa,14,18,25,6,3,8,8,2,1,7,2,2,0,26,18,14,6,4,12,3,2,3,11,1,0,14,3,10,3,2,13,6,20,15,16,17,8,14,17,7,3,17,8,8,5,6,9,14,1,6,0,7,8,7,14,5,0,5,4,1,8,11,7,8
Klebsiella phage 1513,Duplodnaviria,AVV16_gp52,bacteria,DNA,linear,NC_028786,YP_009197859_52,atgttcattcttgacatttacaagttctgcgaatctcgccgggagttcacccggcaggattttgcgaagttcgtttacatgcaccgcgaagcgcctcgcctggcaaaagccgccaacgtatcgcaacgtatgttcgcctcaatggtctctaaggagtttttagcgcgaagctatacgaatggataccttgacggaaaaaacggcgctgtgtggtgtacggggccggataacagggagataggctttgatttccggtcgttcgatgggatggataaccgatatatgtgggagatgatgcaccttgaccaactcagtgatgaacagcttttcgggaaaccaggtggaagatctgataacggaagttcacaggcttgtttgcgtgaaacagatcacaccagaaaattacttgcgtgccgcgctcatcttgctctatcaaggaatggccgcaaccaacacggttga,4,6,3,2,1,2,2,0,2,1,2,2,1,0,8,2,3,4,3,1,1,0,1,1,2,5,3,2,1,1,1,6,4,3,4,8,1,3,4,4,4,3,3,2,1,1,1,1,0,3,0,2,3,0,2,3,1,2,2,2,2,8,1,3
Klebsiella phage 1513,Duplodnaviria,AVV16_gp53,bacteria,DNA,linear,NC_028786,YP_009197860_53,atgagcacattaaactttcaacgagcgctggccatcggctttatcgtgtgggcggctgccgtcgtttccggttgcgcttccagcgtcccgatcctttccgatctggttggtagcaagccggatatgacggcgcaagtcggcgcggagaacgtgaaacaggcggttggcgtgacgaacaaaacggacacctcaagcaagcaggagaccacgttcaaagagtctgcggtagggaaggttgacacgtcgaacaagaaaacggtgacgacctccagcattcacgccaaccagatcacggcggacaagatcgagattcgtaacgatgaaagcggaagcctgattccgtggctgattggtggcgttggggtagtaatgctggcgatcggggcgttcggcctttggcgggagcgaaaaaacaaaggggcgtaa,6,7,5,0,1,3,8,0,0,7,0,0,0,6,3,4,2,1,3,0,0,0,3,0,2,0,1,1,0,0,5,2,1,3,5,3,0,3,10,2,1,5,4,3,3,3,4,5,1,0,0,0,1,4,1,1,0,1,3,0,1,2,0,2
Klebsiella phage 1513,Duplodnaviria,AVV16_gp54,bacteria,DNA,linear,NC_028786,YP_009197861_54,atggggattaaaacgcgggttacattcgcggcggcggtggcgatcgcggtcgcgttcctcccagaagtggaggacacgaaatacaatgtttatatggatatcgctggtgtcccaactgtatgcgaaggcatcacaggcccggacgttatcaagggaaaaacctatacccggtcagagtgcgacgcgcttttaaccaagcatatccaggtggcgaagcgaaccgttgacagcaaaatcaaagtcgatgttccggacaccttcagggcgtcgatgtacagctttacgttcaacgctggcggcggcgcatattctggcagcaccatgctgaagttaacgaaccagggccgattgcgcgaggcgtgcgagcagctatatcgctggacgtactaccgcaacccgaaaacgggaaagatggagaagtcgaaaggcttgtataatcgccgggttcaggaatatcaactatgcattaaggatctgaaatga,8,3,7,2,2,6,6,1,0,3,1,0,0,6,5,2,1,0,4,1,2,0,3,0,2,4,3,0,2,1,2,1,3,5,5,3,1,0,10,2,2,8,1,1,1,3,3,6,0,4,0,6,1,0,2,1,1,4,1,0,2,4,2,1
Klebsiella phage 1513,Duplodnaviria,AVV16_gp55,bacteria,DNA,linear,NC_028786,YP_009197862_55,atgcgagaattcatcaacgcggcaaccaatagcagcggtggcgttgccctcgcgggatctgcaaccgggcaattaatcattgctgccattggcttatttttcatggttctattcggctccttcggcgcgtggttgcgctggcgagattcaaaggcgcttcgtgaagcgctggaagccggggatatcaaaacggcggtgaagatcaggagtaaataa,2,1,2,1,0,2,1,0,0,2,1,1,0,4,2,2,1,0,0,0,0,0,0,0,2,1,0,1,1,1,1,1,3,0,0,2,2,3,6,1,1,4,2,1,0,0,1,2,1,0,0,0,1,1,0,1,0,0,2,0,2,4,1,1
Klebsiella phage 1513,Duplodnaviria,AVV16_gp56,bacteria,DNA,linear,NC_028786,YP_009197863_56,atgaaaaatgtaattatcctcaacggagcgccgggcatcggaaaggacactatcgcggaaatcatctctcggaagtggcaatacaagaaccttagcttcaaacagccgatgtttgccattgctcgtgctgtgctgggatcggctgattttgcacgctttactgcccgataccacgaccgcaagcacaaagaagtgaaatgcgattttttgggcgaccgttctccgcgtgaattcatgattcacattagcgaaaatttcgtcaagccgaccctgggcaaaaatcagttcggcaagttgctttgcgattcagcgctaacttcgccgtttaactgcatcgtcagcgacggcggttttgatgaggaggtcgagcacgtcgcagcgcatgaggcgcttaacgtatttgtcgtccgccttcatcgtgacggcatgacctttgagggtgatagccgcaagcatattcgacgcccggatcttatttgcgacacttaccatgaactcgattttgatatgaccactggcgagccggaagacgacgcgcaaaaaatccttgatatggtgtcagatgttgcattaaaattataa,7,4,7,3,0,3,0,5,0,4,0,0,0,7,6,6,2,4,2,4,0,0,7,0,2,5,1,4,1,2,2,6,6,8,6,10,3,2,6,3,3,7,0,2,2,6,3,1,1,3,0,0,2,0,2,2,0,4,1,0,2,4,2,9
Klebsiella phage 1513,Duplodnaviria,AVV16_gp57,bacteria,DNA,linear,NC_028786,YP_009197864_57,atgaatagaaatatctgtattttcgatctagatggcacgctttccgacggaacccaccgcttgcacctgctgccgaaaaaagatctccaccttacagaaagttggagcgagtttaatggcgcgtcaattggcgacagcccaatccaaagcactattgacgtggcgaatgcgctttatcgatccggaatgaccgttatcatcctgactggccgatccgatgaggtgaagaccgaaacaatgatttggcttgaccgctacggggtgaaatatgacagcctaatcatgcgccgcgccagcgataaccgtaaagacacggtaatcaaggaggaggagttacgcaaaatcgggcttgatcgcattgttgcagcgtgggatgattcccccaatgttattgcgcacttgcgcggcctggggatcacgacttaccaggtctgcgactacggcgacaatcttcacgatcatttaaaatcacacggagtggacaaatga,7,1,2,6,2,3,3,3,1,5,0,1,0,8,4,6,1,6,1,1,1,1,1,0,2,7,0,1,2,1,4,6,2,9,5,9,1,1,5,0,3,6,3,0,1,1,4,3,0,3,0,2,2,4,0,0,1,1,3,1,2,1,2,1
Klebsiella phage 1513,Duplodnaviria,AVV16_gp58,bacteria,DNA,linear,NC_028786,YP_009197865_58,atgtcacctaaaatcacagacgaagaatttttagccgcccgcgaggaaggcaaaacctaccgcgagatcgcggaagagttcggcatgaacattcgaagcgttgaacgtcgcggcgttcgcctggcgcgacaaggacacctacacggaaacgcccacgttgcgaagcatatcccggacggattcggtgtcaaaggaacgtcgacgatgattcgcgcggacggctccgaggtcgttcggtgggttaagtcggaagtagaccgcgatcgcatggttgcgcttatggagtcggcgcaggcggctttctgcgaagaccttccacgagccgaaccgcaaccgctggatgaatcgaagttctacattgaagatcagcttgcactgtacccgatcttcgacctgcatattggggcaatggcgcataagcatgaatgcggcgagaactatgacaccagcacggctgagaaggttctaaaccgcttctttgattattccgtttcggtggctccgcaatcacaaaaggcggttttgttggtcggcggtgacttccttcacagtgacggcctggacgcagtaaccccggcaagcggtcacgttctcgatcaggatagccgatacgcaaaacttgtttatgttgccattcgttcgctgcgtcgcgcagtgtcgctactgcttaacaatcatgcagaagttgaagtgcaggtgattgaaggcaaccacgaccaggccgggatgatctggctacgcgcagcgctggcggcgttctatgagaatgagcctcgcgtttttgttgatgttagtccggcgatcctacatcgcaccttgtggggcaaaaccatgctgggctatacgcatggccacacgatgaaaaagccggaaacgcgccttgctgcgatggctaccgacttccgtaaggagttcggccagtgcgactacatttacacgcattccggccactggcatcaccagactgtaacggaacactcgttaggcattgacgaagtgcatggccagttaggcgcaaaagatgcctacgccgcacgaggcggatggcgttcataccgccaggctgcggtgattctgtacagcaaagaatatggcgaagtaggccgctttatctaccgtccaaacatgtaa,8,7,8,2,1,6,8,1,0,5,0,2,0,7,11,9,4,10,9,10,2,0,8,2,5,15,1,6,5,1,10,7,19,14,10,8,10,8,15,6,5,19,2,3,4,3,6,16,1,10,0,6,3,3,8,0,0,3,5,0,3,10,3,4
Klebsiella phage 1513,Duplodnaviria,AVV16_gp59,bacteria,DNA,linear,NC_028786,YP_009197866_59,atgatgattgtcgagactggtcgcgctgccgtatggcagcacgcaaaagaggctggaataagtgatgatatcgtgaagatcgcaaagtatttcgatatcaaagatatatcaattatctttggtgggaagctcacctatctacacgagcgcccggtgaagcgcacgcgaatagcagtggcaacgcgagcggaggcggacgcgctgaagatgttcatccacgagtcgaagcagcagaagaaatattacaagtag,3,0,8,0,0,1,2,1,0,0,0,1,3,5,3,2,0,3,3,0,0,0,1,0,2,3,0,0,1,1,1,0,0,1,5,4,4,1,3,2,1,0,1,2,1,1,3,0,0,1,1,3,1,0,1,0,0,0,1,0,0,2,0,1
Klebsiella phage 1513,Duplodnaviria,AVV16_gp60,bacteria,DNA,linear,NC_028786,YP_009197867_60,atgaaaaccaaaaccattgcagacaccatcaagatcgtgccagcaaaagcgcaagttgtatctcgccacctggttaacctttctcgcctgtgcatggccgactacatggcgaacccttcagagaatggccttgatggtgtagtcggtgagatttattttcgcgccgggtacggcctggaaagtgtggccatgtatgagcaaatggccgaaggtttttgcatttacggtgacgaatga,3,2,1,1,0,3,0,0,0,0,0,1,0,2,5,3,2,1,0,0,1,0,0,1,0,3,0,0,0,0,3,2,3,3,3,1,2,4,2,0,0,2,1,4,2,1,2,2,0,3,0,2,1,0,0,2,1,2,0,0,0,0,0,2
Klebsiella phage 1513,Duplodnaviria,AVV16_gp61,bacteria,DNA,linear,NC_028786,YP_009197868_61,atggaacagatagaatctttcaccgaatatcttcggatcgtggttgaattgctggacaaatacggcttcattgggacggatgaggaaaagttagcctttgctgacaccatagacggaacctacatggagttcatggacaacggaaccccggtcgctgactggccagaaattcttgaacgagaattgattgaatttaaatcgcatgaaggcgcggagtatttcgcaaaacagcactaa,3,1,1,0,0,4,1,0,0,0,0,0,2,1,3,3,0,1,2,1,1,0,1,0,1,0,1,0,0,0,1,2,10,5,3,1,1,1,1,2,2,2,1,0,0,1,1,1,1,2,0,2,0,0,1,1,0,0,1,0,1,4,2,2
Klebsiella phage 1513,Duplodnaviria,AVV16_gp62,bacteria,DNA,linear,NC_028786,YP_009197869_62,atggcaaaagatatcacagacaaagacactcgtgacgcattcatcacgtttgagcaattggagcgcgaaacgtttattggcaatgcccttgctactggcggacactatcaggctgtcaggcccgacaagttttaccaggtaacaggcaaccgatacgcagggagcaaaacgcctgatatcgtgcgcgataagtgggcgaccgatcgcagtctgatcgcatacatggaagagcgttatggcccttacgacctcgacgccgccgcagaccaaagcaacgcagtttgcccgaagttctacgacgaaaaaacagattgccttaaacgctggtggggaaaaaacaagcacgtttggctgaatccgccttactcgtttccagatccgtttattctcaaggccattgagcaaatggagcacgacaaccagatcgacattctgctacccggcgacaattctactgcctggttccgtgacgcgcagaagatggcagccgaaatcatctggattgttgccgatgttgaagaggatgatgacgggaaccagttaagccgatccggtcgcctcgcattcatcaatggattaagcgggaagccagtcgacaacaacaataaaggaagtgttattttcatcatgcgcaagctcaagccgggagaggagcaaaagacgctttacattccggtaagcgagatttgcccgtcattagctaaaaagcgtatgcgcaaacgtgggatctga,9,7,11,5,3,1,4,3,0,5,1,2,0,10,6,8,4,3,5,0,2,2,6,3,2,7,0,5,1,4,3,3,5,14,9,9,8,7,2,3,5,5,4,1,2,2,1,5,0,7,0,2,1,1,1,1,1,3,6,0,3,5,1,5
Klebsiella phage 1513,Duplodnaviria,AVV16_gp63,bacteria,DNA,linear,NC_028786,YP_009197870_63,gtgaaatccgggtattattaccccatcgaaacgaagaacggagtgttgaaaatgaaaaagatgctggctttagttgttctgtctcttgttcttattggttgcagcgaaaaaccgaaaacatatgattgcggtggtgaggcgttcgaggtaactagcaaatatatgaaagttgtcaagggtgaaaactctggcgttataattgatggcgctggcgaaaatcaatataaactgcttactcctttcgggtacgctcattatgtagtcaacaaaaacaccattgatgttagtgtgggcgcttttcataataccttaacctgcgaggttaaataa,10,4,3,2,1,3,1,2,0,2,0,1,1,1,3,3,1,0,0,2,0,1,1,1,0,0,0,0,0,0,3,3,4,0,3,3,0,0,1,4,1,4,2,4,2,2,3,7,1,2,0,6,0,1,0,2,0,3,0,0,2,2,1,1
Klebsiella phage 1513,Duplodnaviria,AVV16_gp64,bacteria,DNA,linear,NC_028786,YP_009197871_64,gtgattactgataaaggtgattatctcgaatactacggcgggcctgtaaaggcttgcccgcttgagaaaatcgatcagatgaatagcgtttcgtggctgcggcacgaataccctgattatctgttctggcatacggttaacgaagggagtaagcacaaggcgagcgcggttatcgatcatcaaatggggttgctgaagggcgttagcgacattctgatcctgattgggttcggcggcaaatacccgttcgcggccatcgagctaaagcgccagggcaaggcgcaggcgtcaccagtgagcaaggagcaaagggaattccttgctgccgttcgccgtcgcggcggattcgccgccgtggcctatggcttcgagcaattcaagatcgctttctgcgatgccatcaaatag,4,1,8,1,0,0,1,1,0,4,1,1,0,6,2,3,3,2,3,2,1,0,2,2,0,3,1,1,1,1,5,2,4,1,4,6,0,6,5,3,1,7,4,1,1,0,3,5,0,4,1,3,1,0,1,0,0,2,2,0,0,8,1,0
Klebsiella phage 1513,Duplodnaviria,AVV16_gp65,bacteria,DNA,linear,NC_028786,YP_009197872_65,atgtattatacacgcaactatgcgaatgacaaattaggattgcccatgctcacaattgaacaacaaattgaagcctacgcagacaagatcccgttaatacaaaagcggttcaccgtcggaaatatcgttccttacccgtatcaggcggttgcgtatattgagacagcgaagcggatcgcaaaatatgaacatcctttttacattaaggcttcggtttccgccgggaaaaccatcatgatcgccatgctcgcggcgcagtgcaaggcaatgaacttacccatgatggttcttgctcgccaggccgagatcgtgaagcaggattccgaggagatcagtaacctcgatgttcccaactccgtttattgcgcagggttaggcacaaaggccgcatacttcccgatcgtcgtcggatctgaagggacggtggttaatggcctgtttaaaatgctgggcgactacgtgccttcagttctggccattgacgaatgccaccaggttgactggcaagatttggcggaagcgatcgccaacaatgaatcgttcgagtacatgagccgaccgaaagataagccgtatcgcgtgaacggggaattggtcgatgccgaccacccatacgacgaaaaattcgacgacgtagaattcggcggcggtcgcacgcagtacacgatcgtcatttgcgagttaatgcggaggtgccttgagaagacagggcgagaacttcgcatcgtcggttatacggggtcggagtttcgcggggtggttcccatcttgcaggaagacaagacgcagcctggattctggcgcgagcagatcaccgacattaacacaaactatcttgtcgagttcggatcggttgttcccaccattttcggcgataccgaggcggatgggttggggtatgatctttcagaattccacggctccagtcaggacggtacgcaggattttagcgcggaagaattgcgcaagatggaaaagaaaatccacgaatccggcgaaatgacgaagctgattatgcaaaaggtcgtggagcgtgcgaaaacccgaaacggcgttcttattacttgcgctggccagcggcattgcaaggaagcgtcgagctatctacctccggacgcaacatacgcgatcatcaccgagaagaccaactcaaagaaacgcggagaaattttggataaggcgaatcgcggggagattaaatacatcttccaggtgatggcccttaccactggcgttaacgttccgttttgggatttttcggtgatattgcgcaagatcggatcgcttacgttgcttattcagcttttggggcgcggtatgcgactgctaaaagactggcaaaaacatccgccttactcgtgggtgaaggaagaccatttagtttgggacttcgccgggactatggacgatttgggccagctatatttcgatccgattcttgagcaggcgcaataccaaagacgcaagagcagcaagaacggcccgaaaatttgcccggtatgcaagggagaaaatagcgagtacgcccgccgatgcatccacaaagacagcaacggtaatcgttgcgaatacttctggatctcgcagcgctgcgaagaccagaaagacccgcgaacaggaaagattaaagtaaaagggtgttacgctgaaaacgatattgttgctcgccagtgcagatgctgcggggtgcagcttaaagaccccaatgacaatctcaccgggaagcactacacgcagaatgactggtatgatgttgtcgggttcgatatcggcttgactcgcaatcagtccgggatcatcttcaattacgtgttactgaaccatgacggcgagcgattcaccgcaagggaaaagttcttcccggaatcagagaatcagatttgcggcaagttgtggcggcaaaaggcagtcttccagcacgttagcgacgcggtaatgcgcggcaagctgggcgggatgaaaaatgcgcgaaaaatccttgagaatgcgcactacttccgagcgccgaagcgcgtaacgcatcgcgttaacggtaagaaggaagatattatttcacgcaaagattttggagacgaatag,21,16,32,15,8,11,10,4,2,8,2,2,2,24,18,20,9,8,24,6,1,6,14,6,9,21,5,2,3,4,7,13,29,26,19,18,8,11,19,5,10,18,18,6,5,10,11,20,0,18,1,14,5,6,9,1,0,16,9,1,7,20,13,7
Klebsiella phage 1513,Duplodnaviria,AVV16_gp66,bacteria,DNA,linear,NC_028786,YP_009197873_66,atggaacaaatggcaaagattgataagcgaaccttgaacggcaataacggaacatcgcgcgggaaagataagaagaaacgcaagcgaccgactggttactacgtgctgaaggatgaggttcgcgccgggttgactgcgcggatggagctggttattgatgcctttggtggtatcgctggaacggcaaaagagttgggggttagcatccaggttgttcagcagtggcgtaagcgcggcatgatctcagccgatggcgcttatctcgtacataagagctaccgccggaacaattgcaaaggtttccgcgcctcattctgccgaccagatttaaggtttgacagcaacggcaagccagttacgcgccgatgcgaccgccgggaaatgctccgcgtagtccgatag,4,4,9,2,1,1,2,2,0,3,1,0,0,3,5,2,1,0,3,1,2,0,1,0,5,9,3,1,0,2,2,0,2,2,3,6,2,4,1,2,2,4,3,4,2,1,1,6,0,3,1,1,2,0,1,0,0,3,1,0,1,2,3,2
Klebsiella phage 1513,Duplodnaviria,AVV16_gp67,bacteria,DNA,linear,NC_028786,YP_009197874_67,gtggatttttacgatgaaaaagaggttttgccgtacatggctggcatgtggcgcgaagcgttgcagaacatttgcggcatccactctcgatacttcaacggcaagcaccaggactgcccgaactgcggaggcaaagaccgattccgctggactgacaagttagaaacgcgaggcgacggcggcgcatactgtggcggctgcggtgctgataaggggatcggctggttaatgaagttaagcggccagccatatagcgaatgcatcaacattcttgggcgctatctcggcaaggttccgcaagaatacgtggtcaagagaaacaagcaggtcgctcgtgataacgggtatgactacggcaagatggcagatcatgaaagagtgctggcagttttaaacagaacggaggccgtcgatagcacgcctgtaacgctctatgagggcattgaaaatgagcatatcaaatcatatcaggttggcgtaaaaactcacgagaacggcagacaggagctaattcacgcgctaccgatgcaactcgtgcatgaagatgggctggatgatgagtattgcaatatcctgttcattgatgaagaaggtagagagaagatgttagctggagatctgaccttcggatctgtgatagtgaccaatcagagcgacgacggtaacgggccgatttaccttgctcgatcatggattgaggcgatgcacttcaatattgccagttcgttaaagtgcgacgtttgggcctgcatcataccttcaaacgtcgagatcgtggcgtacaggtataaaggcaagggcggagaaggtaagcgagaaatgcgggtagtttgccgtcgtggagatcgggatatgctggcggcagccgacgatcgggatctgaaggttatcgttccgaacggtgacaacttcaagctcggctttgagcgtaagttatacaaggcatcatctcttctctga,5,12,16,4,0,2,4,2,5,4,1,1,2,8,9,8,2,5,7,3,1,0,6,2,5,3,3,4,2,5,6,3,12,10,11,15,5,4,5,5,5,19,5,5,3,4,7,8,0,9,0,7,4,0,1,3,1,9,5,1,7,6,2,2
Klebsiella phage 1513,Duplodnaviria,AVV16_gp68,bacteria,DNA,linear,NC_028786,YP_009197875_68,atggctgaagcaattttcagggcatacaccagcagtgaattgactaacgagcaatatcacgatcctgattcctggtgcgcggagtacgttagcggctcaagcctcggtgagatttacgcaacatccccggcgcactggaaatacaaggcgcgtgaggaaaccgccgcgctggcgttcggaacctgttcgcatacctgtatgcttgagacggcaaagtttaatggcgagtacctgcgggcaacttctccgggcgatgttaaagatctgattacgtcgaagtcggcattgtctgcgaagctgaaagcgtgtggcctgattgggacgtcaaacaaggattacccggaacttctggaaatggcataccgagccgggattgacgtaaatgtttggtgggctattgaactgtgcgacgaaagcgccgcgatgaactcaggtcgcaagctggttaaggatgttgatttcgatgccgttgttcaaatgcgcagcgtgatgctggctaacccgcgacacgccgcatgtatcgaatcgcctaccgcacagcgtgaattgtcaatcttcggcgagatcttcggcgtcaaggttaaggttcgactagatcatgtggacgtggtttccgatccagaactaatcaaagagtggggatttaaccaggatgaagttttcgaggtcgtggttattaccgactacaaaaccacgcaatcttccaagccggacgaatttgggcgactggcattcaatttgggttactatctcaagatggcattgcagcgcgatctgtttgtgaagacctacaacgaaaaacgcccggtagttgtcagactgctaacgcaggagaaaaaatcaccgttcgctccgctggcgttcaccctgaccagccagcagatcgatatcgggcgcaagcagtatcaaagcgttattcaccagtacgcggagtgcgtgaagcatgattcatggccatcatatgagtcaaacgcggcggaagtcgttttgcctactccgcggtttgtgaaatacatgttcccggacgtatacggcacaaatagctaa,9,7,14,4,2,10,5,3,1,8,1,1,0,6,8,8,4,4,8,3,2,0,10,3,4,5,2,2,3,2,14,2,14,6,12,14,11,5,12,4,2,7,4,3,3,4,7,15,1,13,0,4,8,4,4,3,0,3,6,4,0,10,6,5
Klebsiella phage 1513,Duplodnaviria,AVV16_gp69,bacteria,DNA,linear,NC_028786,YP_009197876_69,atgcgtacatctgaaaaatttaccaccatcgcagccgcattaatcaaggcaaaatctggcttcgtggccgcaaagaaaagcggtaagaacaaccatcttgggaacacctatgcgaatcttggtgatatcctcgacgcgatttccccggcgctggagaagaataaaattattgtcattcaatccatgatggataccagcaccgaaaaggttatgcacctcgaaacgatgttcttgcatgaaagcggtgagttcatggcgtttcagtacaacatgccgatcagtaaaaccgtcgaacaagcatacggctcaacaacgtcttacgcccgccgctacgcgctggccgcagcgcttggaatcaagcaggcggatgatgatgcagaaattaccaagatgactccgaaagacttcaaaaaacgcattgacgcttgcgaggatctcgaatcgcttcgggagatctataagctggcgaaacaaacgttaacgcctgcggaatggaaaatgacggaagacgatatcaccaaacgccaggcagaactgaaagtcaccccggcgaacggctttaaccctggtaaaccgcaagaggttgctaaacgggagccggaaaaggtagaatcaaagcccaaaccagaagcgcaagatatctcatctttcaactaa,15,7,10,2,2,9,5,1,0,3,0,1,0,8,9,6,5,1,3,2,1,1,6,2,0,4,2,1,0,3,4,4,13,4,6,8,8,4,11,2,1,3,1,4,1,3,1,2,1,4,0,2,3,2,1,4,0,1,1,0,2,5,1,3
Klebsiella phage 1513,Duplodnaviria,AVV16_gp70,bacteria,DNA,linear,NC_028786,YP_009197877_70,atgacaatgcatgttgtaacaggtgtaatccgaaaagaaccgtacatcaaggaaggcagcaataataacgggccgtggaaaatgtacgccgtagacctgtcggagcggatgaagatccgcaatcgtgatggcgaggatgaaacaatttacacgaactaccgcgctgttttctttgccaaagaaaacatgattaagtggtacgacgaagcactgcaaatgaataaggtgatcagcgtcacctgccgtacgcttcagatcgtgaaccgcgagcacaacggcacaatttacagccacaacgaaatgattatgccgcaactcgaattcagccagcgcgaaccaacgcagggcggcggtaatcagcagggtgggtggggccagcctcagcaacccaagccgcagcaagcgcctaaacctcaaaacagcggggggaatccgggaatggatttcgatgatgatatcccattctga,4,7,5,6,4,1,3,0,0,5,0,0,0,6,9,4,5,2,8,1,2,1,5,3,1,4,1,2,0,1,2,1,8,2,3,6,1,2,1,1,1,6,4,3,3,1,2,2,0,6,0,0,0,0,1,0,1,1,3,0,0,4,0,1
Klebsiella phage 1513,Duplodnaviria,AVV16_gp71,bacteria,DNA,linear,NC_028786,YP_009197878_71,atgctattatctgcgttactcaatcaaccaaagagggctaaatgcatggcactatacagagaaggcaaggcggctatgtcagcagacggaacagttactggcactggcacaaagtggcaatcatcgctttcgctgattcgccccggcgcgacgattatgtttttgtcgtcaccaattcaaatggccgtcgtaaacaaggtggttagcgatactgaaattaaagctatcaccacaaacggcgctgtcgtagcgtctagcgattacgcgattctgttaagcgactcgctgaccgttgatggtctggcgcaagatgttgcggaaactctgcgctactatcagtcacaggaaaccgtaattgcggatgcagtcgagttctttaaggagttcgatttcgaatcgctgcaaaatcttgccaaccaaattaaggcagactccgaagctgcggaatcaagcgctgcggctgcggctgcgtctgaaagtaaggcaaaaacttcagaggttgcagcagaggctgctagagaccaagtacagcaaattatcaatgatgctggcgaacagtcaacgcttgtagttttggcacagcctgacggatatatgaaaattggtaattttttctcaggtgaagggccagagagcgttggagatgttaacctgtcagtatgggagcgtatatttaagcgtggtgaatttgaaattcaccagatgccaggcgacccggcaggcgttgcaggaatagtattcggcgggccgaataataaagctgccttagtcttagacgagcgcggacgcattcagacatatgcgattgttgatgggaaattatcagctgcgcaggtaggaactccaattgtccagggaaccgggtatttccgtaatggatttgaagatagaatcattaggttcccatcggctggtggagagtctgacgacctaactccaggcatacttattacgactaatgacaacggcatctgtgattttttcgttgtcagtccaaatcagtttaacgatctgggataccctaccggttcatctatagataagcagatgttcaaactggtaaaaagtttcgatataggaacatcattgcaacgaacgattgaccaatgcccgacagtggaaaactcatcaccggttctttatcgcttgtttgatgttaactactcagggtatggttcaaaagtggtctcgggcattctgtcggtaggcaactatgttaactacacgccaaatgtttacatggtcacgtttaacccacaggcacttggtaattccccagtcattgatcatggtagtatctatcaatggctgaaagttaccgcgctgcatggcggccaatctggctggggggattctgcattaacgccagcggtaggattggttaatgacccaaataactcagtagcgaaactattcctgcgactgccgtcgtatgggcaaaaaatatcattcacaccgattaacgtcgctgacccaaatgtagtgacgttttactacaatgacttgcggaataatgtaacggtagatactccaaactatcttgtttattcgttcgcagagaaaatggtaacagatcgtttttacgtgaaaatgaataatggtgatgtaagatactccccaggagttgtagttcgggtttccgggaatgtgactgaccgactgtctgaaaaattatcagacggggtttttgcgataggaggatcatatcacctggcgaataaaggtaacgcctccaggattacagttaccaatccgtcaatcggtcagtacgtcataagcggctgcaatttacgtggagaccactggaaagtttgccccccggttggatttttaggaacttcattcggcacgccgcagtatgtagtcaacatcgtatctcagggtacgaatacattcactattgaggtgacaacggcagcaggttcgctggtgaatatcaatggttctgactggctcgatctgcacgttcaaccagcttaa,17,16,9,26,11,7,12,12,4,6,3,4,8,8,11,21,14,4,15,2,17,2,9,2,3,5,2,5,4,2,18,7,15,18,10,21,15,4,19,16,18,18,9,15,20,12,8,26,1,12,0,13,22,5,11,10,0,4,6,1,10,15,6,14
Klebsiella phage 1513,Duplodnaviria,AVV16_gp72,bacteria,DNA,linear,NC_028786,YP_009197879_72,atgcaatacttatatgtagacccttctgatgatgaaaataaaccaattccatcagcgtttaaaactgttactgctgctattgcagcaatcaccagctacccattttcaattctaatcaggcgcggcacagtgttgaaggaggccgttaatgccaggttagtgaacacgtcgtctgaaatgagtttttttgacacatacggggatggcccgccgccaaaatggctatccatctcaaattctgcggggcaactagcatcgtggaatgcccgtcgcgttacggtgcggaacatccattttatggacagagatgatggattcctggcatcagcaaccagtgttaacctgcaatgcactggtgatgcagatggggttgctgatgttcatgtgaaaaactgttatttcactggtaatgcgtactctgtcagtaatccgcagaaaaacaccattgggcgacatgtacagcttttcgctgtggcatatgataacgctgctacacctgcgcataaactcagcgtagaagactgtatgtttaacatggtcaacgcgggggtttatattcgcgggaatacctatgctgccgacacaacggataaccgtggtgatggtagcagaacatacggtgcaaaagtgctgcgctgctcttttactaatgtcgtacaagagggggcattaatccacacctgcgccagcaaaaacgacgtatacactgatgacgagtggcatagctgcgtcagggactgctactacagttcgtaccgttgggataaatttacaacgggtggagtgtcgacgtgggacgcacctttctggatgtggcactgcaaccgggttatgtttgaaaaacttgaggtgcatggctcctatccaatggccacggacaacatggcggttgatatcgacgggatgtgttgggataacgttgtcagatacgtttactccactggctgcgcccgcacagtgatgtttgtctctgctgataacgcagggctacaggccgctccgccatccgggatgagcaattttgagttttattacacccgcaggcagggcagcggtaacaacgttgttgagtactgtttcgcgttcaacgatggtattcagcgattacagggacagatagggacgccgacaaacgacgcatgttcaatatctaatcaccgaaaccagtttaataatattgttcgtaactgtgtgtttattgatacatccagtgtgaaacagcgccgtctgatatctacaaacggttgtgatactgagagtgcgactattccatcgctaacagtagaaaactgtattttctattgcaaatggatggtcgggtcagacatcattgcgcaactgtctaagggcaacagtaggattgccccagcatcacagattgttctcaacaataacattatctggtctgacgcgtggagcgcagcgccagacctgagcgcactggcaaccctgagcaatatcacctgggcgaaacctcagtacgctctattgccgccgagcccaccatcaacccgtcgcggcgcaattaatcttggcgttccagctaatgcaaggggggctggtaaatcaaacctgctgctcgatatcaacgggcgttcaggcaataacattggctggttacagtaa,14,28,2,17,11,9,7,9,3,11,6,7,3,10,13,16,5,3,12,6,12,0,7,4,3,8,2,7,6,3,10,3,5,15,7,20,18,9,12,12,3,10,14,10,6,7,11,16,1,14,0,8,10,5,5,10,0,8,13,8,5,7,2,14
