virus,realm,locus_tag,host,type,shape,accession,protein_id,coding,AAA,AAC,AAG,AAT,ACA,ACC,ACG,ACT,AGA,AGC,AGG,AGT,ATA,ATC,ATG,ATT,CAA,CAC,CAG,CAT,CCA,CCC,CCG,CCT,CGA,CGC,CGG,CGT,CTA,CTC,CTG,CTT,GAA,GAC,GAG,GAT,GCA,GCC,GCG,GCT,GGA,GGC,GGG,GGT,GTA,GTC,GTG,GTT,TAA,TAC,TAG,TAT,TCA,TCC,TCG,TCT,TGA,TGC,TGG,TGT,TTA,TTC,TTG,TTT
Mycobacterium phage Naca,Duplodnaviria,KIP48_gp01,bacteria,DNA,linear,NC_054774,YP_010060626_1,ttgacatcgaactggatgtcatcgacccgtcgccaggagctccctctcgactgggaggagatccgtcaggaggttcttgccgacgccgagggcgtatgcgagatccgaatgcccggttgccttggatgggcgaccgatgtcgatcacatccgtcgtggaaacgaccacagccggcgcaacctgcgcgcggcgtgcaaaaagtgccacggcaagaagtcatccgcagagggaaatgcccgtaagcgggaattgcgagccaggaggaagcgcccacaggacagacatcccggctctttgtag,1,3,5,1,1,2,0,0,1,1,2,0,0,3,2,0,0,3,3,1,1,2,0,1,2,4,2,5,0,2,1,2,1,4,7,2,1,4,3,0,3,3,0,1,1,1,0,1,0,0,1,0,2,1,2,1,0,4,3,0,0,0,3,0
Mycobacterium phage Naca,Duplodnaviria,KIP48_gp02,bacteria,DNA,linear,NC_054774,YP_010060627_2,gtgggagctgccacacgcggcccggtccctgagaggacagaccagaccgttcgccacagcgagccggtcgacaaggtcgaggttttcggtgaagtcaaggtgccggacctcggagacgtcagttaccgaggcgagacacacccgatcatccaagacctgtaccaggcgatgcaggaatccggccagagcaagttctacgaaccgtccgactggcaggtcgcacgcctcacactcctcgcgctgaacgaggaactcatcgcagccaggcaccaggacaagcccatcggcgcgatgaagctcaccgcgctcaaccagatgctcacgacgctcatgctgaccgaaggcgaccgccgccgcgtccgcatcgagctcgaacgtaagcccagccagccggaaggcgtcgttatcaacgccgccgaccagttcaagaagtggctggaagagccgtaa,0,3,8,0,4,3,2,0,0,3,2,1,0,6,4,0,1,3,9,0,0,2,7,1,1,7,0,1,0,10,4,0,8,9,7,0,2,4,4,1,2,6,0,1,0,8,2,3,1,3,0,0,0,2,0,0,0,0,2,0,0,3,0,0
Mycobacterium phage Naca,Duplodnaviria,KIP48_gp03,bacteria,DNA,linear,NC_054774,YP_010060628_3,atggcagtaatcggtatcgagctcgaaccagatcagctcgtcctcacccgccgtcgcgacttcaagtggacgttcgagaacctggacgaagacggcaacgccgtcgacttccccgcaggagagctgttcttcgagctggacacaggcagccagcacaacgccgtccaagagatccaagtgctcggagctacagggggcacgtacacgctgaacatcaacggggtcaacaccccggccatcgactacaacgacgtgtcggagaacccgcagggtatgtccggagatctcaccgacgcggtcgaggccgcggtgggggtgggcaacgccaagattcacccgatgacgctgttccccgcgtggactctcaacttcaacctgaacagcaacaagccgctaaccgagcagctagtcaacacgatcaacaaggccgcgaacgacttcttcgacacgttcgagcagctcttcggagtgaacgtggagatgaccgtcaccgacgcgttgaacttcaagctcaaggtgacctccctcaagtcgtttgacgaggtcggagtaatcacgttcgcagtcgatgtcacttcgacggcggtcaagaacttcttcaacagcttcgccggcctcgtcggcgcggtgaacacggtcagcgtggacttctactggaaccgcacgtacgagatcgagttcatcggagagttggcgcagaagccgatccagcccatcaccgccgacatcagcaacctgaccggagcatcgaagtccgtcaagatcgcggtcaagcgacccggcaaagagcgactcacccggtgggacttcgacatcgacggacctatagccgatctgaaggttgagagcgaagaggctgacttgatagccgcacgtacccgctggcaactggtgttcctccaagacggggagcccgcaggtggcgaaccgatcgctcgcggattggtgtgggtgcaggaatga,1,23,13,0,2,11,10,2,0,6,0,0,2,15,4,1,4,2,8,0,1,5,6,1,2,5,1,2,2,12,9,0,5,19,18,4,6,10,9,3,9,8,4,3,2,15,12,1,0,4,0,0,0,3,4,0,1,0,6,0,0,20,4,1
Mycobacterium phage Naca,Duplodnaviria,KIP48_gp04,bacteria,DNA,linear,NC_054774,YP_010060629_4,atgaaactcaagggctaccccactgacggaaggccggcgctctcctacctgggagcccccacaggctccatcgtcggcacggatcgccgcccggtagaccggatcgtctcggtgccgggaaagcctggacctcctggaaagactggagaaaccgggccgaagggagacggccttcaggtcgacggaactgtcgcagattctgcgtccctgcctcccgccgcgaatcatccgctggagatgtggaccacaacgctcgacagtgagttctggctttcggacggcagtacgtggtacatgctcaacctccgtgggcctgaaggtccgcagggtgaacgcggtgagcaaggtgagaagggagaccggggcgaacagggcattcaaggcatacagggcgacccaggcccgcctggaaccacgtcgtggaccgggattaccgacaagcccagccagttccctccggaagcgcacgaccacggagtagccgacatccccgggctccaggaggagctcgacaccaagaaggatgctgacggcgtatggggcatcgtcgcccactactgcgaaacagagaacgactttcaaggtcagatcgactccaaggcgtctctgacgcagaccgaggaactggtagccaaggcgaccattcggcctttgtcggccagttaccgtccgctgcaagggtttacgaacgaaatcacttcgacggttacggcaggggaaaccgcatcggacatcgtcgccgcgtggaactccacgggcaagttccggatcgtcggagctcagctgaagccgttcagtcttgacccgtcgcaaggtgtcaacgccaacgtggggctggatgaagttccggtcggcaacacgataggggttgagttctggtcgaacgcgacgaccatccgcgtgctgatgttcaacgtcgaccgcctcgacatgtgggccgtcgtagacgaccagcgaatcacccgtggattcacccacgccaacttcgcgaacaacatgctcacgtggacactcactcagcagtccgcagtctggcgaaagtggcgtcttggcatcccagctacgtccttcaagtccatcgggatcaacgcgggagcacagattgtgccaacgtcgaagggattccaactcgccgtgataggcgactcccttaccgctggagggatcgtcacgtccaacgccgtcgccccgggtgtggccggacagatctccgcaggagcagtgctcggcgaactagcccaggagaccgggctggacatctggaggttcggtgtaattgggaccggctatatcaacccaggcagccacggcgcggcagggccatacggatcaccgaatcggatgaacgccttcgcccaagcgcccgagatggacgccgttgcggtatggagctcggtcaacgacaaaggcaacccgccttcggcgattgtgtctgcggctgaagccgtatgggagtcgatcaaggctgcccgcccgaacactccgctgatcgtcatcggacctatcggcacagggtggtcggatccggagttggacgccatgaatgacgcgctacgtgttgccgcacaagcacatccggacgttcactactacgtagacctccgcagcaacaacttcatgtcgggagcaggcaaggacggctcaccgaccggcagcggcaactcagatgtgtttgtcggcgtcgagaaccacccaacccacatcggctcacgctatatcgcgggccacatggcgcggctgctaggcaccgtgcccctcccattgtcgccgtcaggctcctactga,2,23,17,3,5,18,15,6,0,5,2,4,3,23,11,6,8,9,15,2,7,7,21,10,2,8,6,5,3,14,12,5,12,30,14,6,11,22,18,6,21,31,14,8,9,18,10,6,0,9,0,2,5,12,15,3,1,1,15,0,0,13,3,3
Mycobacterium phage Naca,Duplodnaviria,KIP48_gp87,bacteria,DNA,linear,NC_054774,YP_010060630_5,atgagttttcgcaccgtgtacgggtatgactggtccgagaacggttggcgcatgtgcaaccgcgacgagtgcgacatcgtcaagctccctgagctatacctggtcgatacagcaccgctccgtaaaggcgctcccctgaccattctcggcgcgtggatctactggtatgaccgcaacgtcgaggagatcttcaccccggtctggggatggtcggcaacgaacgacgtcgccaactcaaatcacttgtctggcaccgcagttgacatctgcgctcctaagtacccgtggaagcggtacacgatgacagcggacaagatcgcaaaggtccgtcagggcctggatctgttcgagggaacggtgttctggggtcgaaagtggggcgagacgggagtcggctcccccgacgagatgcactaccagatggcattccgagagggcgacgcccgcaacgaggcgttcgccaagaagctcaaggacggctacctcggcatctacaaggcagctccccccgttgtaactcccccagccccggctcttgatcccatcgcaaggcaccagaagttcctcaaggaggctaccgagcgcgagctcctcgtttacatcgcagagcagcttggtcccggccatccggactgggcctcgaagggtaagaccgtccgagacaaggtgttcggcctgtga,1,6,15,1,2,6,4,1,0,0,1,1,0,8,5,1,0,3,4,1,1,7,5,2,3,6,1,2,1,8,5,2,0,12,14,3,8,5,3,5,3,11,1,4,1,8,3,3,0,9,0,2,1,2,2,1,1,3,10,0,0,7,1,1
Mycobacterium phage Naca,Duplodnaviria,KIP48_gp86,bacteria,DNA,linear,NC_054774,YP_010060631_6,gtgacacagcgactaataagtctggcagaagagttgcacgacttggatggaaagatctcccgtctcaactcgttcgtcaacagctctacgttctcgaccgtcagcacagatgaacaggtctgggctagagagcagctcaaacacatgtgccactaccgacgcttgttgtcgtatcgagtgtttgggtgtgccaaggagttggcagagggatga,1,2,2,0,2,1,1,0,1,2,0,1,1,1,1,0,0,3,3,0,0,0,0,0,3,1,0,1,1,2,1,0,2,1,4,2,2,1,0,1,2,0,1,0,0,3,2,0,0,1,0,1,0,1,3,1,1,1,1,1,0,2,5,1
Mycobacterium phage Naca,Duplodnaviria,KIP48_gp85,bacteria,DNA,linear,NC_054774,YP_010060632_7,atgacgcagcgccacctagcaatcgtcttccggggaaccggaggcatcatcggccaggactacgtgtcccgagtctgccaggcggtctccgacctggtcgaagagatcaacccgaagttcgacgccacgatgggcggcatcccggtaggagccgccaacggcatcaaggcgaagtcgatgaacaaggcggtagatgaggcggtctgggatgccaccggcatcatccggtatgcgttagctaccaacccgacacgcaaggtaatcatcggcgggtactccgctggagctgtcgcggcggcgcgtgtccgtaagtggctcctggagaactatcccgacaactacctgtgctcgttctcgattggagatccgactcgaccgcacggcggctcgtattaccgaggcccgatcctgagcggccagggcatctcctcgtggcgatacggcgacgtgaaggactggagacactgctggctgacggaccccggtgatatgtacgggaacatcccgctcgggccggctggcgacatcatggacgacttcttcgacatgatctcagccacgcagatctccgacccgttggtcacagccctgacgttcatcgaacggctcccgcagacgctggcgaaggccggcacgaatccactcgccgcgctcaaggcggctgacgtagcgatcaaattcgccacgtcgaacccgcccaccgcagcacacatccaatacgagcaccgagaggtctggcccggtcagacgtacctcggactcgccatccaacacgtgagggactacgccagccgcgcgcccctcacttga,1,8,9,1,2,4,9,2,1,2,1,0,0,20,6,1,2,6,7,0,1,5,11,0,5,3,3,2,1,8,7,0,2,14,5,4,3,11,13,5,6,15,3,2,4,9,3,0,0,9,0,3,1,5,6,0,1,3,6,0,1,7,1,0
Mycobacterium phage Naca,Duplodnaviria,KIP48_gp84,bacteria,DNA,linear,NC_054774,YP_010060633_8,ttgacaacgaacagagaggaggacggattggaactcacagaacaggacatcgagaacctcgataaagccatagccgaggtcaagcgaatggaacgcgtgaccgaccccgagctggcaccgtcccctccccacatcatgggacctacctggcagcgcaggacagacggcaggttctacctaccagagaagactctcggctaccagatcctcatgtggatgagcgaatacctgctcatcccaggaggtcccaaggccggtgagccgttcaagccgacccgtgagcaagggcggttcatcctctggtggtacgccgtcgatgagttcggcaggtttatataccgaaatggcttgctgcgcaggctaaaaggatggggtaaagatcctctggccggtgctctggcgcttgccgagctatgcggcccggtgatgttctcgcacttcgacgccgacggcaacccggtcggtaagcggaagccctcagcgtggattcaggtcgccgcggtctcccaagaccaaacccgaaacacgttctcactcttccccgttctggcatctgaccgtctgaaggaagagttcaagctcgacttcaacaagaccatcgtgtatgccaagacgattggtggcgtcattgaggctgcaacctcgaatccactgacgctggagggtaaacggcccaccttcgtcatcaagaacgagacgcagtggtggatcgagaccaacaacggccacgcgatgtcggaggtcatcgccggtaacgtcgacaagtccgcttacggcgtgtgtaggtctctgtcgatctgtaacggtcatattccaggccaggattcagatgcagagcgcgactacgacgcgtacatggacgtgctggcaggaaaggccatcgacaccggattcctgtacgacgctcttgaggctccagcggacacaccgctgagcgaaatccctcccccgtcagaagaccccgagggattcgagaaaggcatcgcacggctccgtgaggggctgaagatcgcacgcggtgacgctgtgtggctggacctcgacacgatcatcgcctcgatgctggacaagcgtcggcctgtgactgagtcgagacgcaagttcctcaaccagatcaacgcgcacgaggactcctggatcgctcctcacgaatgggaccgtctggccctcaccgagggtctgttccagctcaagaagggcgaccggatcgcactgggcttcgacggctccaaggcgagcgaccacacggctctggtggcctgccggatcgaagacggcgtgctgttcctgatcaagcactggaatcccgagcaccacggcggggaggtcccccgagatgacgtagatgccacggtccgttcgtgcttcgagaggtacgacgtggtcgccttccgcgcagatgtgaaggagtttgaggcatacgtcgaccagtggggtaaggacttccgcaagaaggtgcaggtaaacgcatctgccggtaacccagtggcgttcgatatgcgcggtcagcagaagagattcgctctcgactgcgagaggttcctcgacgcggtgctcgagcgagaggtctaccacgacggtaatccggttctgcggcaacacattctgaacgcacggcggcaccctaccaactatgacgcaatcgcaattcgcaaggcaagcaaggactccagcaagaagatcgacgctgcggtctgtgcggtcctagcgtttggcggcagacaggacttcttgatgagtaagcgaaatcgctctcgtagagcggcggtgatcatgtaa,5,16,30,5,4,11,8,2,5,5,7,1,2,24,11,6,4,12,13,1,6,10,8,7,6,11,10,7,4,16,24,2,9,38,32,9,15,17,15,10,7,18,3,15,2,16,15,2,1,12,0,2,4,6,7,4,0,4,13,3,0,24,4,3
Mycobacterium phage Naca,Duplodnaviria,KIP48_gp83,bacteria,DNA,linear,NC_054774,YP_010060634_9,atggcagaaaccgcagtagatcccgagaaggagcgggatgatctcctagacaagttcgagcaggcgcaggacgagctgaaagcctccaagtcgtactacgacgctgaggatcgaccagaagcagtcggcttgccggttccggcgcggcagcgcgatctcaggtgccacgtgggctacccgcgtgtgtatgtagacgctatcacggaacgccaagaggtacagggctttcggctaccgaacgccgacgacggcgacaaggatctgtgggactggtggcaggcgaacaacctggacactgagtcgaacctcggacacaccgacgcctgtatctacggacggtcgtacgtcacgatctcgatgcccgaccccaaggtcgacctggacgtggaccccgatgtcccgatcatccgcgttgagcctcccacgtcgttgtacgcctccatcgacccacgcactcgcaaggtgcagaaggcgattcgagctgtgtacgacgaagagggcaacgacatcatcgcggccacactctaccgtcctgatcgcacgatgctgtggatcaaggaagaaggtgagtgggcagctccgaccaccgtcaaccacggcctggaactggttcccgtggtgccgattcccaaccgcacgaggctatctgacctgtacggcacatcggagatcacgcccgagctccggtcgatgaccgacacagctgcccagatcctccagaacatgcgggccaccgccaacacgatggcgattccgcagcgcctgctgttcggtgtgaagccggaagaactcgggatcgaccccgagaccggacagcgtctgttcgatgcgtacatcgcgaacatcatcgcgttcgaggatcacgaggccaaagcccagcagttctccgctgccgagctgaggaacttcaccgaggcccttgaagaggtcgcaaagcaggtcgcctcgtacaccggactccctccccagtacctctcgtcccaatccgacaatccggcctctgctgaggccatcagggcgtcagaatcgcgcctggtgaccaaggtcgagcggaagaacaagatcttcggcggggcctgggaagaggtcatgcggatcgcctacaagatggcgaagggcggcgaggtccctccggactactaccggatggagaccgtatggcgtgacccgtcgactcctacgtacgcggccaaggccgacgcagctagcaagctgtacgccaacggcaacggagtcatcccccgtgagcaagctcgtatcgacatgggttactccatcacccagcgcgagaagatgcgggaatgggatgaggaggagcaggcgatgggcctgtccctcgtgggctcgatgtacggagacacgccggcctcaaacactccagctcagacaccagattctccagcccccgacgcatcgggaggcagtagcgagtga,2,15,18,1,4,12,9,4,0,2,4,1,0,21,13,3,3,4,17,0,5,12,13,5,2,10,10,6,3,10,15,1,13,27,29,12,7,22,13,10,7,14,2,3,4,11,10,3,0,19,0,1,2,7,13,3,1,1,8,1,0,7,2,1
Mycobacterium phage Naca,Duplodnaviria,KIP48_gp82,bacteria,DNA,linear,NC_054774,YP_010060635_10,gtgacacccgacgactacgccgccacagcggcaatgatcacgtcgagagtcgcccggaagatccaccagttcgcgctcctcttcgcacctacggagatgagctggcctgagtggattcgcatgttgcagttcgtctaccccgagatcgaagcgggcaggtcagacatcgccaaggcggcaaggatgttctacgactcgcagagatctgagcaccaccccacgctcccccgtcatgatcgaccaaccgaggaatatcggttcgactggttcgtgaagaacatggagccagcgcgaaagcagatgtcccagatggactctcgagagaacgctgtagctcacatggttctgcgggccgtacgggaagtagagaacgcgggcagacggcagatcatccacgcagtagagacggacccagagccacagatcgtgaagggctgggccagggtggctaccgggcgcgaaacatgcgcctggtgcctcatgctcgtgtcgagagggccggtctacgagtccgcgaggacttccggcttagagctcgatgacgaaactgccgtggacttgtaccggtccggcatggatgtcaccgagtacatgaaccagtggcacaccggatgtgactgcaaggtggttccagtcttcaacctccagaactggcctggcaaggaagcggcagacgccgcgctccagctgtggattgaggccggcagagaggccgaacgactaatcgaatccggcgaagctcgcacggagaacgtgaaccgcgaaaccatcaacgcacttcgccgacgcctagcacgcggagaagtcagcccatcccaattcgctgccctcgcagcgtaa,0,9,7,0,3,5,5,2,5,2,4,0,0,9,11,2,1,6,10,1,6,4,1,3,5,7,6,1,2,9,2,1,11,11,16,3,8,12,10,5,2,8,2,0,4,6,8,2,1,6,0,1,1,6,3,2,0,3,8,1,1,8,2,0
Mycobacterium phage Naca,Duplodnaviria,KIP48_gp81,bacteria,DNA,linear,NC_054774,YP_010060636_11,gtggggcctattcaaccatgcccaggaggcgatatgccagacaccccttcgactgaaacccccgacgctggcgcgacgactgagaccaagacggacgaagccgccaagacgttcagcgcggagtacgtgaaggacctgcgcgaagaagccgcacggtaccggaccgagaagaaggacgctgtcgaagccgcgaagaccgagacccgagccgaagtcgtcgcagagtacgaaccccagatcgcggatcgcgacacgaagatcgcagagctggagaagaccgtagcggaccaggccgctgagctcctgaagctcaaagccgttgtggacgcgaaggttccggtcgaggacgtgttcacggtcgcagagctcgttcatggcgcggaccaggagtcgatctccgagtcggtcaagcgagtcatgtcgatctacgggaagaagcagacccccgacgtgccgactgatcccagccaaggcagcggcggcgcaaccccgctcaacggcgatcccatcgccaacttgctcaagcgtgccgtaggcgcgaaataa,2,2,14,0,0,9,5,3,0,3,0,0,0,5,2,1,2,0,4,1,3,5,3,2,2,2,2,1,0,5,3,0,7,11,12,4,5,9,8,3,1,8,2,0,2,7,5,3,1,4,0,0,0,1,4,0,0,1,0,0,0,2,1,0
Mycobacterium phage Naca,Duplodnaviria,KIP48_gp80,bacteria,DNA,linear,NC_054774,YP_010060637_12,atggctactcccgatcaggtcgcaacgaccgaagatttcaaggcgttcctgacccccgagcagtcgaaggactacttcgagaaggccgagaagacctccatcgtccagaagatcgccacgaagatcccgatgggtccgactggcatcaccattccgtactggaacggcgcggtcaccgctgagtgggttggcgagggtgaaatgaagcccctgaccaagggctcgtttgcgaagaaggacctgaccccggtcaagatcgcggtcatcttcgcagagagcgctgaggtcgtgcgtctcaacccgctccagtacctggagacgatgaagaccaagatcgccgaagcgttcgcgttgaagttcgacgcggcggctatccacggcatcgacaagccgaccgcgttcaagggctatctgaccgagacgacccagtcggtctcgctgaacccgagcgcgtacgacgccgtgggcgtcaacggcttggcgaccctggtcaacggcggcaagaagtggacgggcactctgctggacgatgttgccgagccgatcctcaacggcgctaaggacctcaacggtcgtccgctgttcgtggaggcggtctacgactccgtcgtgaacccgatccgcgaaggccgcatccttggccgtccgacctatgtcaacgaccacgtcgtgagcgctggcgctcccggctcgcgggtcatcggcatcatgggcgacttcagccaggtcgtgtggggccagatcggcggcatcagcgtcgacgtttcgcatgagaccgtgctgaacttcggcactcctgaagctcccaacttcatctccctgtggcagcacaacatgctggcggtccggatcgaggccgagtacgcgttcatggtcaacgacaaggactcgttcgtgaagatcaccgacgctcctgcgccggaagacgccgagactccgtaa,0,13,21,0,0,15,5,5,0,5,0,0,0,19,7,1,0,3,8,1,0,5,13,2,0,2,2,3,0,4,13,1,6,15,15,3,2,7,15,9,0,22,0,3,0,18,8,3,1,6,0,2,0,3,7,0,0,0,5,0,0,13,2,1
Mycobacterium phage Naca,Duplodnaviria,KIP48_gp79,bacteria,DNA,linear,NC_054774,YP_010060638_13,atggcacacgccaccgcaaccgacgtgacggtgttttgggcgaggactcccacgaccgaagagatcgcactgatcaaccggcgactggaacaggctgagcggctcctcaagaagtcgatacccgacctcgacgctcgctgcgaggctgatccgatcttcaaggccgacgtaatcgacatcgaggcagaggccgtgctgaggctcgtccgtaaccacgagggctacctctcggagacggacggcaactacacgtacatgctccaggctcaggacccgaaccggaagctggagatcctccccgaggagtgggagctgttgggtatcaggcgaacccgcatggcgattctagttccggatgtggtgatgccgtcgtga,0,4,4,0,0,4,4,1,0,0,3,0,1,7,4,1,0,2,3,0,0,3,4,0,2,2,3,1,1,7,5,0,2,7,11,2,4,3,2,4,0,2,0,1,1,1,5,1,0,3,0,0,0,0,3,0,1,1,2,0,0,1,1,1
Mycobacterium phage Naca,Duplodnaviria,KIP48_gp78,bacteria,DNA,linear,NC_054774,YP_010060639_14,gtgacgctctacccgaagcccgaggaggtcaacaccaccggctgcgaccactgggcagaccctccggtcgtccagtgcatccacgactggcgcattcactggggcaacatgcctcgcgtcgtcaccggggagttcaaacgatga,1,2,1,0,0,3,1,0,0,0,0,0,0,1,1,1,0,3,1,0,0,1,2,2,1,2,0,0,0,1,0,0,0,3,3,0,1,0,0,0,0,2,1,0,0,5,1,0,0,1,0,0,0,0,0,0,1,2,3,0,0,1,0,0
Mycobacterium phage Naca,Duplodnaviria,KIP48_gp77,bacteria,DNA,linear,NC_054774,YP_010060640_15,atgagcctcctagatcagggcacagacgaagtgatcgtctaccccgaagaagtcgtcaccgacaaggacgggaacacccgcacgagaccctcgaaggtcggagtgccggcccgagctcgaatccaagtcctgggacagtctgggacctcttcccgacgccaggagcaggacaacgagggcttcgagaccgagaaggtctacaccatccgtttcgaccgcgaatcagaccgccgactagggcggttaggggctcagtcgactgtcgagtgggatggccggaagtgggctctattcggcgacgagaacgtttacaacagctccccgaggactgctcatcggacctacaccatcaagaggtactga,0,4,5,0,1,7,1,2,1,2,2,0,0,4,1,0,1,0,5,1,0,2,2,0,4,4,3,1,3,1,1,0,4,7,6,2,0,1,0,4,2,4,4,0,0,7,2,1,0,5,0,0,1,2,2,2,1,0,2,0,1,3,0,0
Mycobacterium phage Naca,Duplodnaviria,KIP48_gp76,bacteria,DNA,linear,NC_054774,YP_010060641_16,atgacgatcagactacgcagcccggcattcgtaaacggcgctgccgcacggcatgtggatacacaacgcgcactagacaggaccgccaacctggttcactcccgcgcagagtccaaccttgcacaggctagggcttcgaccgcacacgagaagatctcaggtccaaggcacatcaccgagatcaccaagggcaaggctcccggcaagtacgggaatacggaccggatggtggcgatggagggtaccaacccgtgggccatcgagttcggccacggcccatcaggattcttcgcccctggccgctacggcaaggtcaccaaagccccgcacggtctttacatcctgacccgcgcatcgttccgcgccggcgctcacgtcacccccgcatctggaaggaaggtaggtaagcgttag,1,4,7,1,1,8,2,0,1,1,4,0,0,6,3,0,1,6,1,1,2,2,3,1,0,6,2,1,2,0,2,2,0,2,5,1,8,6,1,5,2,8,1,4,2,2,2,1,0,3,1,0,2,2,2,1,0,0,1,0,0,5,0,0
Mycobacterium phage Naca,Duplodnaviria,KIP48_gp75,bacteria,DNA,linear,NC_054774,YP_010060642_17,ttgcccaaactgccccgcgtccaggcgatcctgttgcccatactacgagcggcacatccagacgttgagttcaccacgtggggctctgacatcgactatcggaactttccgtacgtaaacctcaggcgcatagacggattccgcaatccgaccgctcccgagctacacggacttccgattatcgagatgaccgcgtacaccgatgaaggtctacctgagaccgaggaactttacgaggactgtctggaaacgctctaccgagcgcgccgacgccaaactcaaacccccgcaggctatatcagctcgatcaaagaaacgatgggcgctactcagttcagctcgccgttccaggattcctggcgcgtccaggggctgatggtcttcgggattcgcccacccagaaagtaa,2,2,1,1,0,6,3,2,1,2,1,0,2,5,3,2,2,1,4,1,2,6,4,1,3,7,1,0,3,2,4,2,4,5,6,2,2,0,4,2,2,3,2,1,1,3,0,1,1,4,0,2,0,1,2,1,0,0,2,1,0,5,2,1
Mycobacterium phage Naca,Duplodnaviria,KIP48_gp74,bacteria,DNA,linear,NC_054774,YP_010060643_18,atggcacagaatgatgctgccgttctcaccgccgcagtcggttacgggttcaccgccaatcccggcaccccggcacctactcccgcagagctcgccgctctcgatccggaaacgttcggcgctaaggtcgtgacaatctctggcacgccgactgctgagttcgaccttggcatcgaggatgcggtgatcgaggacatcccgtccaccgcgaacgcggctgtactccaggtcgccatcgaagaggttctcggcgaaggtgcagtgctggtgtctggcacgtccctgaccgctggcctggacatcaccttcatcggtccgtaccagggcgttgacgtggacgtcgactcgacggacaccaacgtctccgtgaccacgaagaccaacatcaacggctggtccccggtcgggcacacgtccgagaacgacatgcccgagttcggctatgagggtggtgacaccgaggtccggaacacctggcagaagaagaagctccgagagatccagaccgaggagcctatcgactacctgacgatgttcctgcaccagttcgatacccagtcgttcgagctgtactacggcaagaacgcggctaacacgccgggtgtgttcggtgtggacggcatcaccaagccggtcgagaaggccctgctggtgatcatcgtggacggtgacgagaaggtcggcttctacgcggccaaggcgtcgatcaagcgcgacgacgccattcaactcccgaacgacgacttcgcggcccttccggtgcgcgcgacgttcctgaagatggccggtcgtcggctcttcgattggatcaacgaaaagctgttccgataa,0,10,13,2,1,14,9,2,0,0,0,0,0,15,4,1,1,2,7,0,0,3,10,2,2,2,2,1,0,8,10,2,4,17,15,5,5,10,8,7,0,13,2,9,1,9,11,3,1,6,0,1,0,5,3,2,0,0,3,0,0,14,0,0
Mycobacterium phage Naca,Duplodnaviria,KIP48_gp72,bacteria,DNA,linear,NC_054774,YP_010060644_19,atgtctccaggggggaggggtttcctgtggcgggccttcccctcccccgccccactcttattgcccgccaccaacaatgaaaggtctgccatgtcaaacttctctctcgacaacttccgcaccgctgctaagcgcaagtacgccccggtcaccatcgagctggaggacggctccgaggttgagctgcgaggctacatccgcttgaacgaaaaggaccgcgagaaggtgttcgacaacctcaccctcatgggtgagatgcagtccgacgacggcgttgacgatatgcccgaatcggacaaggcactgctagtcgaagccatgcacgacatcctgctcgtcctggctcctggcgtgagtggccgtcgcctgatctccgagatcggcggcgatcctcttgtactggctgaagtgctgggtgcgtggatgcaggagtcgcggctggggggaagccgtgtcctcgccgaactcctagacaagtacggcgaggctctcgtagcggatttactgcgcgagtaccgcgtagatctccgtgacctctttgacgacgagaacccgctggacccgcaatacgtactgtggctaatcctcggtctctcagtggattccgctttcgccgctgagcgccgaggaggcccgcagttccgcggatggacgccgaacacgtacgcacaagtggctactgccaacggaatccgagggcttcagtactcgtacatcctgactcacatcgacaagaaggccaagaggccgaatcctcctgagccttacccgatcccaactcgggagaccgataacagcaagcccgtcacaccgaagcccggttcgttcgctggaatagccgcttcgatgatggcggctgcccgacgacagaaggcaggtatgtag,0,9,12,2,1,5,2,3,0,2,3,1,1,10,10,0,2,2,5,0,3,6,8,5,5,9,3,3,3,12,14,2,6,15,14,6,3,12,3,11,5,9,4,6,4,5,5,2,0,9,1,0,2,5,5,3,0,0,4,0,2,8,2,1
Mycobacterium phage Naca,Duplodnaviria,KIP48_gp73,bacteria,DNA,linear,NC_054774,YP_010060645_20,atgtctccaggggggaggggtttcctgtggcgggccttcccctcccccgccccactcttattgcccgccaccaacaatgaaaggtctgccatgtcaaacttctctctcgacaacttccgcaccgctgctaagcgcaagtacgccccggtcaccatcgagctggaggacggctccgaggttgagctgcgaggctacatccgcttgaacgaaaaggaccgcgagaaggtgttcgacaacctcaccctcatgggtgagatgcagtccgacgacggcgttgacgatatgcccgaatcggacaaggcactgctagtcgaagccatgcacgacatcctgctcgtcctggctcctggcgtgagtggccgtcgcctgatctccgagatcggcggcgatcctcttgtactggctgaagtgctgggtgcgtggatgcaggagtcgcggctgggggaagccgtgtcctcgccgaactcctag,0,6,5,1,0,4,0,0,0,0,2,1,0,5,7,0,0,1,2,0,2,4,2,2,1,5,2,1,1,5,10,1,6,9,8,2,1,7,1,4,0,7,3,3,1,3,4,2,0,2,1,0,1,6,3,3,0,0,2,0,1,5,2,0
Mycobacterium phage Naca,Duplodnaviria,KIP48_gp71,bacteria,DNA,linear,NC_054774,YP_010060646_21,atggcaaagggaagcgcgggtggtaagggcgggacggaagtcggtcgcatctacatccgagtcgttccagacgctgacgggtttcacggcaacctgcgcaggcagctccaaggtgccgacgaggacatagagatcaaggccaagcccaccggactggacaaggtccgcaggcaggctcaggaagcgaccaggggcctggaggccgaggtcgacgtaaaggccaacaccgcaacagcggtgcggcaactcgacctgtttcagaagcggcagctcaaggatctccaaaagcacttcgcgaatcttgagaccaagatccccctcaccccagagggggagcggatgcgccggatggctgagcgcgcggtccaggacctcgagaaggacatcaaggccgacattccgattgaggcttcgctggctgccggtcagcgtgccaaggtcttggaagaggtcgaagcggtcaagcgattggctgagcgcgatgcgattcagctcaagctcgatccgaagttcgactacaagctccacaaccgcctgagcgacatggcgaagcgggcagctgaagccgagctcaaggccgagcaggactacaacaagcgtctgaagtcataccacgaccagctctacgaggacaagcataagactcgtattacagactggcgcagggaacttcagctcatgaaggagcgggatgccgagacccgcaagttcgcggagaactaccgaagagagatggaggcccagaaggctctccggatcgctccggactcggaattccgcaagacgatgctgtccgacctcaagaaggctgcaaaggatctggacgcagcaatcccgttcaccgtagacggcgagaagctccgcaggaatctgcgagcagaagtcgaggcgattgagcgagagattgacgctgaggtccccgttgacttgaatctggctgcggcacagcgcatgaagatcaaggcagctatcgagagcatcagggctagagtgccggtcgagatagagccgaaggtatcgaagggcaacctcgccaagaagttcctgggcaacgtgatgccgtcgttcggatccggtatcaacttcggtggttacgcgctgatcttcgcggggatcttggacttcctagccccggtcgtcgggttgatttcgacggcgttcctgacgctgccaggtctgatcgcaagcatcgccacgccgataggcgttgtggcgcttggcatagatgggatcgctaaggcggctgagaccctcaaggagccattcgagagcctcaagaagacggtcagtgacacgttccagactcggatgactccgatcttcgagcagctaaagccgctgtttccgatgttcgagtctgctctaccaaccgtcgcccacgggctgtcggacatggcgcagggtctggccgacctggtgaccaagggcaacggagcccaggttatcgagaacacgatccgcaacatcggcaatgcgatctctgcggccacccccggtatgcagagcttcgtcggagggctgctgggacttgctgagcagctcagcctgaagttcccgtcgattgtcaagtggttcaacgacgctggcgatagattcctgaactgggtccaggtcgcctcggctgacgggactctgagcagcgcgttcgacggactcggtcagtcgctgaagttcatcctggacaccgttaccgatctcggtaagcaggggctcgacttcatgaagaaccccgagaacctggagatgttcaagcagcagctagagggcatcggcaacatcctgaagcaaatcatggagtggtccgccggcctgaacgagaacttcgaggctctcaagcagttcgggcgagtgtttatggtcggagccgatcttctccagggtgacctgaagggcgcgtggtccaacggtaaggacttcgtcacgaacttgttcggagacacggagcagcccgctctggaagcggggcagcgaaccggcgtcgcattcaccgagggcatgtcacaagttctccagcctggtgagaacaacgttgcaaccagcctagaggagctgatgacgggtggagcaggtatgccaaatactcccccgccagcgatgcagatcccgccgcccaacctggaaccggcgaagcaggaagtcacacagtaccagtcgttcatcgactcggtgacccagcaagtccgtggcgcactttcacaggccacgtcgggtgacacccttccggccccgaacttcgaggcgttcaaggcagcctggacgggcctgcacacgttcatctcggagcaggtagcccagttcaaggtccagggccagctcgtaggcgacagcctcgggtctggcatgtcgggcttcgtgaataaggccaagtccgcgctgacgggacttcctgccgctactcagccgtcgttcgacgcgatgaagcagcaggcgatctccgcgttcggccagatcgagacagccgctgctgagctccccggcaagatcggggcacagctcggtgggttggccggcatcggccactccgcaggtcttcagcttatgtccggcctgacagccggtatgcaggctggtgaaggcgcaatgctcggctacgtccggaccatcgcggggaagatcgctgagaacaagggacctctgccgtacgacaagagagtcctgataccaaacggtgaagcgctgatggacggtctgggtgtcggcctggcgaccggcttcgaggacgtgcttgcgcgtgcgaagtcgatggcagagcagatctccgaggcaattgaggacggcatcagcctggactcgatactgggaggcaccaagctacccgagctccagaagatgctggacaccctcgaagagcagcgcaaggtgttgaaggttcagaagaacaacaccaccgacaagagccagcgacagatcctcacggatcagatgtcgcagcttcaggcacagaaggaccagctgtcgctgatcaaggaccagtatctgaacaccaacaagtacggaaccgaagtccaatcggttacggaaatgtgggaccagatgttccagaagatgttcgacatgccgttcaactttgcgaaagcgactggtggtcagcttctttcggatctcggtatcggcggcggtggcgctctgacgaccctcgcagagggactgatcgactggggcatcaacgcgggtaagaagttcatcttcaacgtcaacagcatggatgaagctctatctgcccagcgcaacctggttaaccgggaggcgctccagttcactcggtaa,1,36,76,6,5,27,18,8,4,14,6,1,6,42,35,9,7,7,63,1,8,10,22,3,8,15,11,5,7,36,51,14,17,50,59,12,22,31,38,29,15,38,16,31,5,30,10,10,1,11,0,1,3,9,21,4,0,0,8,0,0,43,8,5
Mycobacterium phage Naca,Duplodnaviria,KIP48_gp70,bacteria,DNA,linear,NC_054774,YP_010060647_22,ttgaacaccctcgttgaactcgaaggagtcaacggcgagcggttcatcctggcagggcctggtgaaggagaccagggcatctatctcagcacagacgtgaaggggtgcttctacgacccgcccgtcaaggtggtgagcgaagagcctgggaacttccccggcgcaaggtatttgaaccaccgaatcctacgacgcgacatcacgttcgccgtcgacattctcaacgacacaggttccggctcttggatttcccgcgattcgctttggcgaaaggcgtgggcattcgaccgggactgcaagctgatcgtgaccaccgagcactcggggacgcgatggatgtacatccgtctcctggagtcccccgacgtggacatgaagtacgacccagacttgaactccgtcaaccggacgatcatgacatgcgttgcgtacgacccgttttggtacgaggaagacgtgatctacccggtcgagacgaagaccgacacgcggttcgacccgaactggtggaccccgccgtggccgtgggaggaactcccgaaggagaaactcaccatcacggttgacccatccgatggcaagggcgggcttaacccgacggaccaggagatctggctgaagtggggagtccctggatcgacggaagagattccggagttcccgtggccgttcccgcccggtattgacatcccgtgggaacgagcaccgttcacccagttcacgattccggacccctcgttcgagaacccagcgctggctaaccggcgcgtcaagacacccggcctgatctacggagagaactgtgtcatcgacaccgatcctcgcgaggagcagatcagctctgagatcgacaccccggtctgggaacggatgaacggcgtccggtggaagcactacgtacctccgtatacgaagtcccacacgttcgagatcgtcgccagcggctgccgccctgggcagatgatcaccctacggattccgaggccgtggtcgcgtccctgggggcttgagtga,1,13,12,0,4,10,11,0,0,4,2,0,0,17,5,6,0,4,5,0,3,7,20,6,5,5,8,2,2,7,6,3,9,22,18,3,4,2,3,1,5,9,7,3,1,11,6,3,0,8,0,3,0,6,5,2,1,4,17,1,0,12,3,1
Mycobacterium phage Naca,Duplodnaviria,KIP48_gp69,bacteria,DNA,linear,NC_054774,YP_010060648_23,gtgagcggccttgtaacgctagaggaccacgaggctctctggcagaagatccaagcgcggcgctgcgagcgtgagcgcgagaggctggctccagttctgatccgactgtgggacggcgattaccgtctccgtggacaggttgccggggagcgggccggctcgttcgagttcatcgaaaacgacgtaggcacagcgttcctggagctctctctggaccactacctgtcgaagtggatcttgaaccaccgaggcagggctaagcggaacgtccacgtcacgttcgacaagcaaggtgcccgttgggctggacggatgtcgagctaccgcgtggtacgtaccgagggtggggacgcctacctggaagtgaacttcgttcacgactacgagcaggcgaagcacatcctctgctggagcaacccgttcctgcggccagagttgcagttccccaagatgtggatcatcttcgggcctgccaagtggtgcttgctgatgacgctgttcgtcaacatcctgcgactggaaacgtcgctgtggacgctgccagacaatccgctagatccgtccgagtggttcccgctgtcgatcaacatctcgaactggaggaacatcgtcaagccgttcccgttcctcggggacaacagcaacctgacgatcatcttctcgcggttcaagccgttcttcgacgtggcgaaagacgttctggcagacgctcagttgacgatgacctgccgtcgctacctgcacggcgaggaccctcacccgttcgaggatctgcgtggagagctcaacatcggtccgctggaggatctgttgtcgctcataccgatccggcatggctgcctggtctgggacatcgtggacaactcaggttggggcaccgagaccgcgttcggcggttcgctgctcacagggctcatcagagccgtggtcagcatcgcggctgacggtacgaccgagaacatcgacgtgttccaccaggacccggtgttcccgaaccagtactaccgtcctggctggcgcggaacgctgcctaacgccccgcatgtggtgttcctcgacgggaagtacaccggcatcaagtcctcggagtacgagtacgtcgaggcgaccagcacgtcgttcgtcggcggtggtcacagtatgcccggtatcaacgaagcgatctctgcggccatcaacatcggcggcgatttcctgacctcgttcatcaactcgcagatcgcagccatcccggctgtcgctgcggttggtggggccatcgacctaccgcctctcggaggcatgatcgactcggtcgcgaagatcttctacgaggatgtgttcctggcgttccaggagactccgacgctgcgagcggctgggctgagcctgccgattgccggcctggaagacatcgttacggggctgggcgacttccacctgtacgaagagtgggtcgacgggatcgacaaggcgttcaccctagctgcggcagcggccaccagggcagcgatcttcaagacacgagcgcgaatcaaccacaagatcaaggtatctgacgcctctccgtactacatcggtgagcgcgggtacgggcacttctggctcggagaccgtgtcggacggacgatccaagatcaccccgatccggacatgatcttcgtggagagggtccaccgaatcaaatacgagtgggacaaggacggcccgaagggctgggacatctccatcggccatcgcgagccgagagacccgcttctgaatctgtacgagaagttccgcgatctcagcagcaacgtgagccagctaggggtcatatag,2,21,19,2,3,10,13,1,2,10,5,1,2,41,7,1,3,15,10,3,3,3,22,5,7,8,8,9,5,13,34,2,6,32,29,9,4,13,18,10,7,20,13,11,4,14,13,6,0,18,1,0,1,3,14,4,0,5,17,0,0,33,5,0
Mycobacterium phage Naca,Duplodnaviria,KIP48_gp68,bacteria,DNA,linear,NC_054774,YP_010060649_24,gtgggtatcgctacgcaggagacaaccgattggacgaacccagaggagcacttcctctgggctctccagaacctgccgaccatagcggggtttggcgctattaccaacccgctgttcctgaaggcgtggtcaaaacacctctgggagtgcggctttgctcataaggactatctgatctcgctggcagacgagaacgggaacatcaacatcaaccagctgccggatcagatcaagaagttccagctcccgatccgaggagaccgccacgcgtacaacaacgcgtccaggtgggttactccggacacgccggaaccaccgaaaccggtaatccaagacgttcggaagctcgcgctgaacgagcagcaagccgtcaagcagatgctgatcgaaaccggcgtcgtgaaggaagagaagacgcaaccgcctgtggcacaggtgattatcgaggagagctcacatgagtga,2,10,8,0,1,4,4,1,0,1,1,0,1,9,1,2,3,3,8,2,2,0,9,1,1,1,1,0,0,5,8,0,3,5,10,2,2,1,5,4,1,3,2,1,1,2,4,2,0,1,0,1,2,1,1,0,1,1,5,0,0,3,0,2
Mycobacterium phage Naca,Duplodnaviria,KIP48_gp67,bacteria,DNA,linear,NC_054774,YP_010060650_25,atgagtgatgcagataccgtcccgttggacgttgacgagatcaaggaagccactgcaccgtggagtaggcgtctcgggtgggatgctaacggagacggtgagattgacgaggtcgaagagaacgtaccagaacctctggtgctgcgttcgttcgtcgtagcaatcgtcggccttgccggggccgtgctgggcaaagagctcgatgtgtcgtggatcgaccaggccatcgcagcgtacgcagtcggcgcaccgatggtgctcgcgttctgggcacgtcggcacgtgtccccggtgaagaagtga,1,2,3,0,0,1,0,1,0,0,1,2,0,4,2,1,0,1,1,0,1,0,4,1,0,0,1,3,0,3,3,1,3,5,5,4,7,4,2,1,1,3,2,1,2,5,6,1,0,1,0,0,0,1,2,0,1,0,4,0,0,2,1,0
Mycobacterium phage Naca,Duplodnaviria,KIP48_gp66,bacteria,DNA,linear,NC_054774,YP_010060651_26,atggatgtgttcctcctgctgggcctgggcctcctgggcctggcaggaacggtcctcccgattgtcctgggcaagcatggaaagaagatcgaccgaatcgaagagcaggtctgcaacacgcacgagtcgaacatgcgtgacgacctagacgaagttcggaacttggtgattgagggtttcgcggagatgcgtcgcgagtttctcgctgtccgtactgagttgaacacagagcgaatcgaacgtatcgaaggcgacaagctgcgactggttgcggagggaggtatgcagtga,0,4,4,0,1,0,2,1,0,0,0,0,0,4,4,2,0,1,2,1,0,0,1,0,3,1,1,4,1,4,8,0,4,5,8,1,1,0,2,1,3,5,0,2,0,4,2,2,0,0,0,0,0,0,1,0,1,1,0,0,0,2,2,1
Mycobacterium phage Naca,Duplodnaviria,KIP48_gp65,bacteria,DNA,linear,NC_054774,YP_010060652_27,gtgacgacaccgaaccagccagcacccgatgacgctttcgtgatcggggacgactgggggcagaacttcaccgaggccatcatccgtgggcagttccagatcccagagatcaacctgggcaacgcgttgagcgtgatgcgagatcaacttctcaagctaccgctggaagcgctggaggtcttcaagccgatcattcccgactggatcgaggacgacttcgccaacgtcgcgaacgccgtcaacaagatcatgtcgattctcaccgagccgatcaggttcctgctcgaagccgactggcaagagtggcttgcgaacacgttcaacggattccagacggtcgtcaaccagatcatcgacatccttcgcggactcgtcgtcaccccggtaaatcaggcagtccaggacatcaaggactggtggaaccggctcacgggcaagacgcagaacctgacgacagacggcaagctcgacgccggccagttgatcggacaggtgtcgaagagcgttgtcgagggcctggaagatcttgccaacaacgtgatcgacggattcaaaggcatcaggaacgggtggaccggaggcaacaacgccaccggctccccgcaagaggtcaagcagaccatcgagctgatccgtaccgccatcgtcggtgggtacacgatagaaaccatcgacaccagccagacgtggaacaagccgaccactcccctagtcgagttctgggctatatgcatcggtggtggaggcagaggcttccgtggaggggctgtaaagaacaccagcggcgctgctaccgcgttgggcggggacgaagggatcgacggcggttatgtcgcacagcagctcgacccagagcttatacccgacacagtcgtctgcactgtcggggcagccgcgtcggccataggccaagcgggacaaccgacttcgttcggctcccttgtgtcgtccacccccggcgtcggctcgatctcccacatcggtgggtacctcgtcagcacgtcgaaaccgggcagaggaggcagaggcggcgatgccactaagaaccctgacgccagctacgcaggctcccccggtgaaccgtcagctctcggaacgccgggcaacggcggtgctgcgaacggcggcacaggcggtgctggagggaacgcgtcgctgatcggacagcagaagtccggaggcggtggtggtggcggtggtggtggtcgaacaggtcagacgttcggcacgatcaccggaggcaccggaggcaacggcggttacccaggcggtggatctggcggcggcggcgcagccgctaacgggggatctatcggcatggaggcagtaggcggcgctcctggcatcccggccaacggcattctcttcctgatgtacaagtga,2,26,13,1,5,15,12,4,3,6,2,0,4,28,4,3,5,1,18,0,4,6,12,2,2,1,1,3,2,10,9,6,6,19,12,4,7,14,9,10,17,43,12,18,3,18,6,1,0,5,0,1,1,6,8,2,1,2,9,0,0,14,3,0
Mycobacterium phage Naca,Duplodnaviria,KIP48_gp64,bacteria,DNA,linear,NC_054774,YP_010060653_28,atgaagacagccatacagcttgacactgacatgtcgatgtggggagaagggaccaggcactacctgaccagcgatggtcgcagcctcgcggtgaaggtcgaccccggcgtgaccgacgacgaggcgcgagagctgaacaagctcctggaagagctgggagctccgttcgttatcagcggcaagcaccgaattgtcccccgccccaccacagttctcgaatgcaacgaagacggctctccgattgacctgacgccggtacacacgctaccggctggcaccccctacgaggacgctctactcgctgcgggatacgaactgaccgaataa,0,2,4,0,2,6,2,1,0,3,1,0,1,1,3,2,0,3,1,0,0,4,4,0,2,2,0,0,2,4,6,1,6,8,4,1,0,1,3,4,3,4,1,1,1,2,2,2,1,3,0,0,0,0,1,1,0,1,1,0,0,1,0,0
Mycobacterium phage Naca,Duplodnaviria,KIP48_gp63,bacteria,DNA,linear,NC_054774,YP_010060654_29,gtgacagcgcctatcgccacgcctggttggtacccagacccttcgggctctggaggagaacggtactgggacggacaaacctggacggtgactcgaccggctccgcaaccgaagagaatcacggtcaactacgggttcgcgctgctcgcggtgttctcgctgctcggaacgttgtttttcggaataccgctggtaagcaacggagcaaacgtggtggggatgctctggcttatgtggggcggtatgtggacgttgatctggactgcgttcgcggtccaacacaccttccgtagccggtga,0,3,1,0,1,2,5,2,1,2,0,0,1,3,3,0,3,1,0,0,1,0,4,3,1,0,2,1,0,3,3,1,1,2,0,0,1,1,5,1,6,2,2,2,1,2,5,0,0,3,0,0,0,0,2,1,1,0,7,0,0,5,2,1
Mycobacterium phage Naca,Duplodnaviria,KIP48_gp62,bacteria,DNA,linear,NC_054774,YP_010060655_30,atggaggaatcgacatcggtcgagaggcagcgagagatcatcgagacctgggcgcgtcagaacgaccacgagatcatcggctgggctgaagacctcgacgtgtctggatcggtcgatccgttcgagacgccagccttaggtccgtggctcaccgaccaccggaagcacgagtgggacatcctcgtggcgtggaagctcgaccggctgtccaggcgagctatcccgatgaacaaactcttcggctgggtcatggagaacgacaagaccctcgtctgcgtgtcggagaatctggacctgtcgacgtggatcggtcggatgatcgccaacgtcatcgctggcgtggcagagggggagctggaggcgatccgagagaggaccaagggctctcagaagaagctacgtgagcttggccgctggggaggaggcaagccctactacggctaccgcgcgcaagagcgtgaggacgctgctgggtgggagctggtgcccgacgagcacgcctcggcggtcctgctctccatcatcgagaaggtcctcgaagggcagtcgacggagtcgatagctcgtgagctgaacgagagaggagagctgtccccttctgactaccttcggcacagggccggtaagccgactcggggtggtaagtggagcaacgcgcacattcgtcagcagctccgctcgaagactctcctgggttactccacgcataacggcgagaccatccgagacgagcgggggatcgcggtacgcaaagggccggcgctggtttcccaggacgtgttcgaccgcctccaggcggcgcttgattctcgatccttcaaggtgacgaacaggtcagcgaaagcgtcgccgttgctcggcgtcctcgtctgccgggtgtgcgaacgaccgatgcacctgcgtcagcaccacaacaagaagcgcggcaagacctaccgctactaccagtgcgtgggcggtgttgagaagacccaccctgccaatctcaccaacgccgatcagatggagcagttggtcgaagagtccttccttgctgaactcggtgaccggaagatccaagagagggtgtacatcccagcggagtcacatcgagccgagttggacgaggctgtacgggccgttgaggagataaccccactgctgggcaccgtcacatcggacaccatgcgaaagcgtctcctggatcagctgagcgcgttagatgctcgtatctccgagctggagaagctgcccgagtccgaagctcggtgggagtaccgagaaggcgacgagacatacgccgaggcgtggaaccggggggacgcggaagcgcgtcgacagctcctgctcaagtcggggatcacggcggctgctgagatgaagggcagagaggcccgagtaaacccgggggtcttacacttcgacctacgaataccggacgacatcttagaaaggatgagcgcgtga,3,12,21,2,3,11,6,2,2,3,7,0,3,19,9,1,2,11,14,2,3,3,9,2,12,7,11,9,2,18,18,4,10,22,42,5,1,10,19,12,4,14,8,8,3,12,10,3,0,11,0,0,2,9,12,4,1,4,12,0,4,6,3,0
Mycobacterium phage Naca,Duplodnaviria,KIP48_gp61,bacteria,DNA,linear,NC_054774,YP_010060656_31,atgaagattctatccccgatccacgcagcaacagcgggcacagtcgcagtcggtggactgtctttcgcgttgtcgttcaccgcgttgtccgatctggcggcgagtaacggagtgccgtcctggcaggcgtggatgctcccgctcgtcatcgacggcggtgttatcgtcgccacggcggcgaccgtagcgctacgtaagcacagctggtacgcctggacgctgctggtgttcagctcgctcgtgtcggttgccggcaacgtggtccacgcgcatccgcacggcctggtggcgatggtgctcgcggcgatcccgccgctctggctcctggccgcgacccacttgacggtcatgctcgcgcggcagacggatgttcaggattctgtcgtgttcaggaaagttgaacatgctgaaaaactgaacgcagcttga,2,3,2,0,2,3,4,0,0,2,1,1,0,4,4,1,0,5,3,2,0,0,6,0,0,0,1,1,2,7,7,0,2,1,0,3,4,4,15,2,2,4,0,2,1,7,7,4,0,1,0,0,0,3,3,2,1,0,5,0,0,4,3,0
Mycobacterium phage Naca,Duplodnaviria,KIP48_gp60,bacteria,DNA,linear,NC_054774,YP_010060657_32,gtgagccggcctgactgggacgagtacttcctcgggatcgccacggcagcggcccagagatcggactgcgaaaggagcaaggtcggtgcagtcgtcgtcaaagacagacgagtacgtgcgacaggctataacggtgcgccaactggacgggatggttgctcctcctgtcctcgacgcctggcagaaggagttgtacctggcgttactgggtatgacgcaggaccaggtcaatgcgttgctgttcatgcagaggcgaacgcgctcctgtactgcgacagagaggacctcatcggagccaccctctacatcacgcgggagccttgtccaggctgctcgaagctcattcaggcgactggcatcgagagggttgtctaccctgagatcgacaaggtcgagaagtgggagtacggcggcaaagtctgcgaagtcgagcggcttaccggggagctgatttcccgcgaggttgtcaccggcccgtacctgttcgacactcggaaccagatccgttga,2,3,4,0,1,3,2,4,3,2,2,0,0,6,0,2,1,0,3,1,3,0,1,5,2,2,5,2,0,5,4,1,3,9,11,1,5,3,6,1,4,7,3,4,2,9,1,6,0,6,0,2,0,3,2,0,1,6,2,2,0,2,0,0
Mycobacterium phage Naca,Duplodnaviria,KIP48_gp59,bacteria,DNA,linear,NC_054774,YP_010060658_33,atgacaggcgcatacgacggtcgcatcgctctggcactggagcagattgcgagagacctgaacctgatcagcgtgcacatcaccactccgattcggaccctgtcgggggttgacgaagtgaggctgcgtagtgagccggcctga,0,1,0,0,1,2,0,1,1,1,1,1,0,3,1,2,0,1,1,0,0,0,2,0,0,1,1,1,0,0,6,0,1,3,2,0,2,1,1,1,0,1,1,1,0,0,2,1,0,1,0,0,0,0,1,0,1,0,0,0,0,0,0,0
Mycobacterium phage Naca,Duplodnaviria,KIP48_gp58,bacteria,DNA,linear,NC_054774,YP_010060659_34,atgaacgggtccaagttcgcgctgacgagcccgccgcgtgtcgacaccaactacgactactgctactcagcgttctcccacagagagaggctgctgggtggcgtcagttacagcgtctcgttcgatatgcggcatatctacgagcccccaccgaaacccaagcggaagtggtccacggctatgggcctccgcaagccgaaaggagcctga,2,2,4,0,0,1,2,0,1,2,1,1,0,1,3,0,0,1,0,1,1,2,4,0,0,1,2,1,0,1,3,0,0,2,2,1,0,1,2,1,1,2,1,1,0,3,0,0,0,5,0,0,1,3,1,0,1,1,1,0,0,3,0,0
Mycobacterium phage Naca,Duplodnaviria,KIP48_gp57,bacteria,DNA,linear,NC_054774,YP_010060660_35,atggagaatgacgagttctttgactacatctaccagcagtggtcgaagaccaccggagctgagaatcgtttctacatagtcgaagaggtcgccttcgacaccgacaacgactacgagaagacctgggatgtcgttgcggtcagcgagaccgacgacaagcagctcgttgccaacttccactcagaacaggacgcggactggttcgcttctgtccacgggtgtttcgctgatctgatccgcacgctgaaggaccaggccgacgagatcgagcggctggacgagcgcgtggacagccaggagcacgacatcttcaacctggtgatcggcgaacgcgactacaaagcgcggatcgaagagcaacagaagatcatcgctgacctgctcaacgaggtctatgcgctcgaatccgagctctcctatgcgtacagcgaagggagtgagttctga,1,4,5,2,0,5,1,0,0,3,0,1,1,8,1,0,1,3,7,0,0,0,0,0,0,3,2,1,0,4,5,0,6,16,14,2,0,3,5,4,1,1,2,0,0,6,2,2,0,6,0,2,1,2,1,1,1,0,3,1,0,8,0,1
Mycobacterium phage Naca,Duplodnaviria,KIP48_gp56,bacteria,DNA,linear,NC_054774,YP_010060661_36,ttgagagcgctacccccgctgggggagcggttcgtcgtgcaccagatggttacggatgaagcggtctgggctgtggggctggatctcattctgcgggaggccaagtcggacttcgtgcggagtttgaagcgcaaccgagaggcggttgtggtgttcgatcacacgctacgacagacggttcgggagcaccatttccacaacatgcacgcgatcaccaccgaggcgattgtcatccgagcccagctcgcactagaagcacccaaggagaacagcaatggagaatga,0,3,3,1,0,2,3,0,1,1,0,1,0,2,2,2,0,5,3,1,0,2,1,0,3,1,4,0,3,2,3,0,3,1,6,3,2,2,5,1,1,0,2,0,0,3,5,3,0,0,0,0,0,0,1,0,1,0,1,0,0,4,2,0
Mycobacterium phage Naca,Duplodnaviria,KIP48_gp55,bacteria,DNA,linear,NC_054774,YP_010060662_37,atgagctactggggaattactaaggaccggatcatcggcaagaaggtgctggcgatctacatggacgatcaaagtctgattctcgaaaccgaccacggcacggtgggattcggagtccaaggcgactgctgctcgtggtcgtacttctacgacatctacggtgcggacaagctgctgtcgaacggcccggtcatcgaggtcaacgagatcgacctgtccgaccagaaccacaaccaggactacgagtgtatccaggtctacggctacgagttcgttactgagcatccgatctggggtgggcagacaactgtcgtgtcgttccggaactcctcgaacggctactacggcggctggatgtacgacctcccaaaccccgagaaggtcgacgtgggccgtctccagttcgtcacgggggagtaccacgacgtggagctggtcagttga,0,7,5,0,1,1,2,3,0,1,0,2,0,8,3,2,2,3,5,1,1,1,2,0,0,0,2,1,0,3,6,0,1,12,8,1,0,0,2,0,3,9,2,2,0,8,5,1,0,12,0,0,0,2,5,0,1,2,4,1,0,5,0,0
Mycobacterium phage Naca,Duplodnaviria,KIP48_gp54,bacteria,DNA,linear,NC_054774,YP_010060663_38,ttgaagtgccggccttcagtttctaggagttctatgaaagagatccggagcgcggttgccggtcagcctgtcgtcatcaacgtcgtagagcacgaggaggatctggagggtttccgggacttcatccgaggcaaccttcgcttcttgggtctcgactccgaaacgacggggctcgacatctactcagacgagtatcgctgccgcacagtacagttcggaaaccctaatgaagggtgggtggtgccggtcgaaaaggggccggcattcgccaacgacgcacggatcgcgatcaacgcggtcgacaggttcgtgttgcacaacgcgtcgttcgacctccaggtgttcgagcggtgcctcgacattccgatgtccacgatgtggccgaaggtcctcgacaccaagatcctggcccaccttgttgatccaaggggcagggaggaaggcggcaccggacatggcttggaggagctgactcggcggttcgtggaccgcgaggtagccgacaacgtcaagactctcatgaccgatctggctaaagagcacaagacgaccaaggtcagggtctggaccgtcgacccgttgatcgacaacgaaaggttcaacctctacgcgggtatggacccgatcctggctgcacggcttctccaggcacttctaccgctggtgcctgggcagtccaagggcttggtgccgtacgagcacaagctggctgagatctgctcctacatcgagaagaccggcttcctcttggatgtcgactactcccagcagctctctgctcgcctcgtaggcgaggaggacgcctggaaggagaaggccctggcgttgggcctggagaacatcaactctccgcagcaggtaggtgcagcgctgatggcgctgggcgtgaagatcaaggcccgcaccgagggcggccagcccaaggtcgacaaggtgctgctcaacgaactggcggcgggagactccgatcttccggtcacgcagttggcgaaggcaatcatcgaagggaagaaggccggcaagtggcgcaagacgtgggtccagaagttcctcgacagccgagacggggcagaccgttgtcatgcttcgataaatccgctccgcgcccgtacagcccggatgtctattactggtatccccgcacagaccctgccctctggcgattggatggtacgtcggtgcttcttggcagattcgggccaccttatggcgtcggtggattaccaaacccaggagcttcgtgtcttggctgccctctcaggcgacccaacgatgttggctgcgtttgcgaactcggaagatctgcaccagatcaccgctgacgcagcgggtgttgaccgcaaggtcggcaagatggcgaacttcctcacggtgtacgggggaggaccgaaagcccttgcagagcaggcgagtatcccggtggaccttgccaagcaggtcctcaccgcgttcgctaagacgtaccccaaggtgtctcagctcgcggaccgcgtcggtcaatctgccagcgtccagggctacatcatgacgccgatgggtcgtcggctgccggtggacccctcacgggcctactcggcgctcaactacctgatccagagcacgagccgggacgttaccggcaaggcgctggtgaggctgcacgaagcgggattcacaccgtaccttcgtcttccgatacacgacgaggtcctggcgtcgctgcctgctgagcaggctgatgacatggcgaacgagatcggtcggatcatgacggaggaaatggggcctgtcaccatcggcaccgacccagaggtcggaggtcgttcgtggggctccctctacgtcaaagaggacgagctcgaatccatcaccgacccgtacctgttgcgggcagcgccttcagcggagctggcggcttag,4,16,28,2,3,15,12,3,0,5,7,2,2,24,16,2,2,9,21,2,3,5,18,7,2,10,15,7,1,21,23,11,11,33,30,10,12,15,27,12,7,21,8,11,6,23,15,5,0,14,1,1,5,8,8,8,0,5,8,1,0,16,13,1
Mycobacterium phage Naca,Duplodnaviria,KIP48_gp53,bacteria,DNA,linear,NC_054774,YP_010060664_39,atgaggatcgaacttaacgacgaagatagccggttcgatggcgagtgggagctgaagctcgtcggatcaaagagcgaagtgttagacgcgcttagcagccttgcggaggccctctga,0,1,2,0,0,0,0,0,0,4,1,0,0,1,1,0,0,0,0,0,0,0,0,0,0,0,1,0,0,2,1,3,3,2,3,2,0,1,2,0,1,1,0,0,0,1,1,0,0,0,0,0,1,0,0,0,1,0,1,0,1,1,0,0
Mycobacterium phage Naca,Duplodnaviria,KIP48_gp52,bacteria,DNA,linear,NC_054774,YP_010060665_40,atgaacaaccaagagatcgcagagatcatcgagaatgcccacgatgtcatggtggaacggggccgaaccactggcaagctgatcgacccagacacatgcaaggtctgcctgctcggcgctatcggcgtggccggaatcggtgaggaagagctcaagaagacgcactacgacgagttccacgcaggcggcaagttgcgtccggtggtcaaggagctcgtcaaggatctgcctgacgctaagttgccggcgatgagctgggggagactgcgagagtatttggaccacacggacctttacgacttcaacgacaactacgccgacacggaggacgtgctcgatctgttcaagcggaccgccaatcgcttgaaggacgcggcctga,0,4,10,2,1,2,3,1,1,1,0,0,0,6,3,0,1,4,0,0,1,0,2,1,2,1,2,1,0,4,5,1,2,11,9,3,2,5,2,2,1,6,1,1,0,4,4,0,0,3,0,1,0,0,0,0,1,2,1,0,0,3,4,0
Mycobacterium phage Naca,Duplodnaviria,KIP48_gp51,bacteria,DNA,linear,NC_054774,YP_010060666_41,atggctgatgtgcgggaggtagccgacctgttgaaccgtctgagcacgattgtgcgggaactggtttcagaaaactctcaactgaaagcggcggttgagggcaaaagcaacaggccgaagctgacggataacgaagttgcgtccatccgcgagctgtatcgagcagggttgtcgcagaaggcgattgccgaagtgtacgacgtaaaccctgcaactatctctcgactcgtccgagggatctaccacaacaaaggaggatcatga,3,6,2,0,0,0,2,1,0,2,1,0,0,3,1,2,1,1,1,0,0,0,1,1,3,1,2,1,0,1,6,0,4,2,3,2,2,2,4,1,2,1,2,0,2,1,3,3,0,2,0,1,2,1,1,2,1,0,0,0,0,0,2,0
Mycobacterium phage Naca,Duplodnaviria,KIP48_gp50,bacteria,DNA,linear,NC_054774,YP_010060667_42,atgaaggtcgcgctgatcgctaacaccttcgtcaacgacgacgccatactcgacatgaccggctaccggacacgttggatgatgttcgagggtgaatgggagagggacgcggacgagctcgcggagttcgcaggccgcaactgctaccgctcgtttgaccgacccaaccccgctacgcgggagaacgtcgactacctcaagcacatcctggacgtgggccacgagagcgtcctggagcacgccagcgccacgttctacatcgaagccagccggtcggtgctgacggagctggaacggcatcgccacctgtcgttcagcgtggtgtcgcaacggtatgtagatgcttcgacgctggtgtgctccatcccgccaggtgtcaataacccagaagtagaccctgagtttgaactgacatatcgaatgatcgacttctacggaagtgctctggagttctacaacgagattgtcagcaccctcactgagaaggggttggcgcgcaagcaggctcgtgaggctgcccgagcggtactgccgaacatgaccaactcaccgatggtcgtcaccggcaaccatcgagcgtggcgctacgtcatcaagcagcgctggcacaaggcagcggacgccgaaatccgggaactggcagggcttctgctgtcggagctgcgggagatcgctcccaacacctatcaggacatccccgaggagccgtatggctga,0,11,6,1,2,6,4,1,0,5,1,1,1,9,7,1,1,5,3,2,2,4,4,1,4,6,7,2,0,4,14,1,7,12,17,1,3,6,7,7,1,5,2,2,3,9,5,0,0,7,0,4,1,1,6,0,1,2,4,0,0,7,1,2
Mycobacterium phage Naca,Duplodnaviria,KIP48_gp49,bacteria,DNA,linear,NC_054774,YP_010060668_43,atgacactccccggtaacgatccttgggctaccgcgccggcagagccggatcagccgcccccgcctccagcgcaaggagcgggatctccctgggacacaacccctcccgaggctcagaagcctgctgctcctgtgcaagtgatcaacaagtcggacgagggcaaggtcgtcctgaccttcaaggaggccgctgggttcgatgcgtcgtggatcgtcatccacgccaactcagttcaggaggccaacgacatcctggacgaccatgtcgctctccaggcgctgatggcgaagaccaagaaggtcgctgagttctaccgtggcggtgctccgtcgtcgggcggcaacggtggcggcggtggtcggaagggtcagccgcaggcagccaagcagccgcctccaggcactcctcccgctcccgacagctcctacgagtacaagtcgggcaccaagaacggcaagttctggcacggctggttcccgccgaagaacagcggcaaggacgttgtctggcttcccacggactga,0,7,14,0,2,5,1,1,0,2,0,0,0,4,2,0,2,2,7,1,2,7,9,7,0,0,1,1,0,2,3,1,0,8,7,3,2,4,6,9,2,11,1,6,0,6,2,2,0,3,0,0,1,1,5,1,1,0,6,0,0,5,0,0
Mycobacterium phage Naca,Duplodnaviria,KIP48_gp48,bacteria,DNA,linear,NC_054774,YP_010060669_44,gtgagctggacggtcgctacgacgaagacgacgaggagctggatgactgacgaaatcaactgggggccaactggagagctggtttacaaccgaacctactcacgaaccaagcctgacggtagccgagagtcttggcctgagactgttgaacgagtcgttgatggaaatctcgcgcttgtcgatgctcgataccatcaggaaggcgaacgcgaggacctgatccgtctcatgacggagttcaagattctccctggtggtcgccatctgtgggcgtcgggtgtgaagaacgcacagcacctgttcaactgctgggtgagcgggtggaccgaaaacccgagtgaccacttccacttcacgttcatgcgtcttatggaaggtggtggtgtcggagccaactactcgaatacgtacttgacatcgtacaagccactgaagcacgagttacaggtccacatcgtctgcgatacggagcatcccgactacaccgaccttgtttccgctgggctcttgtccgatcagtacgaccctgactgggatggggccttcgtgatcgaggactcccgagaagggtgggcggctgcactggtcgacttgatcgacacagcgtatcggccatacatctcccacagaaaccgggtgtatgacgtgtcgcgggttcgtgctgccggggccaagctcaagacgttcggtgggacagcctcggggcctgtgccgttggcgcggatgctggactcggttgcctcgatactgagccggctcggcaccaggaacgagaagttggacggcatctccgctatggagatcgaccacgctatcgctcagtgtgtggtggctggcggtgtgcgccgttcggctcgcatggcgatgatgcactgggcagatccgcagatcttcgagttcatcaacatcaaagaggactcaggatctcactggaccacgaacatctccgtagaggtcgatgacgagttctggagtgaggctgaagatcccagcatcgcggggaactgggccgaggggattctgaaggccctctccgagggggctgtacgcaacggcgagccggggatgtgggacagcagcctgtccaacgtcggggagcctaaccaggtggtctgcaccaatccctgcggcgagatcacgctcgaaccgtgggagccgtgcaacctgggccacgtcaacctggcggcgttcgtcaaggacaacggcaggatcgactacatcgacctcttgcgggcgcacaggttgatcaccaggttcctgatgcgggcgacgttctcgcctgtcgcagacccgaagtcgcgagaggtcttggaccgcaaccggcgtatcggtgtcggccacctgggcgtggcgtcgttcctggcactccgcaaccagcgttactcggaggctccgaccaaccggaacttcaaggacatgctgcgtggtctcgccaagaccgtcgatgaggctgcggaggactacgcacaccagttgcgtatcccggtgccggtgaagaagcgcacggtcgcgcctacggggaccatcgccaagatgcccggtgtgtccgaggggattcacccgatcttctctcggtacttcaaccgccgcatccggttctcgactgtcgatgaggaccagtggatgcaggcgctgaacctggtaaaccaaggctacgagatcgaggaagatctccatgcagcgaacaccgtggtcgtcaccgtgccgacgaaagacactctggtgcaacaggttgtcgaacggtacgggcgtgacgctgaggatgtggtcgagtcggcagatgagctgtcgctcaacgagatgctggcgttccaggcgatgtaccagatgctctgggctgacaacgcggtctcgttcaccgcaaacgtagaccccgacaagtacacgccggaagacgtttcggatcagctcaagaggttcagcgggctcatcaagggctcaacgatcttccccgagaagtcgttcgagcaggccccgtacgaacggatcaccaaagctgagtacgaggcagccacagcaaagtccatagctgacggcgtggacgaagagtgtgcgtcgggcgcttgcccgattcgctag,3,28,22,3,4,15,18,5,1,9,6,2,2,27,17,4,2,14,16,4,3,6,15,8,7,11,13,9,0,16,21,3,14,34,38,14,11,12,20,19,4,14,17,12,4,23,20,8,0,19,1,2,3,10,19,3,0,6,17,2,1,23,9,0
Mycobacterium phage Naca,Duplodnaviria,KIP48_gp47,bacteria,DNA,linear,NC_054774,YP_010060670_45,atgctgagcatcctcgatgcgacgttcaacggcatgggcggctccgaaatgtaccggagtcagcttgtgccagaggcgtttccgaagcaaaagccgatgcggttcgagaactggtcggaggaagacctggtgatgtacgtcggcggcgagtatgcgaaggcagcagcgtga,0,2,3,0,0,0,1,0,0,1,0,1,0,1,5,0,1,0,1,0,1,0,2,0,0,0,2,0,0,1,2,1,2,1,4,1,2,0,4,0,0,5,0,0,0,1,2,0,0,2,0,1,0,1,1,0,1,0,1,0,0,2,0,1
Mycobacterium phage Naca,Duplodnaviria,KIP48_gp46,bacteria,DNA,linear,NC_054774,YP_010060671_46,atgccgactactacgacggcatggacatgttcgaggaaatggcccagtggggcctggaagggagaaacgatggcgagctttaacgagatcatccgacgattcacttcgtggagtggggaggacgagatcgaagctggcacagagggactcacggagtccgtagacaacgaggtccttcagctcgcgctgaagttgaacggtgtactgcctgagagtcgggagaagtctctggcgttgaccaagctggaagaggtctactactgggctgcggcggcgacggaccctcgactgaagtcggaggactga,1,3,5,0,2,1,5,3,0,1,1,3,0,3,2,0,0,0,1,0,0,1,1,2,3,0,1,0,0,2,5,1,3,4,10,0,1,1,6,2,2,1,2,1,2,2,0,0,0,2,0,0,0,1,3,1,1,0,5,1,0,1,2,1
Mycobacterium phage Naca,Duplodnaviria,KIP48_gp45,bacteria,DNA,linear,NC_054774,YP_010060672_47,ttgacaacggacaacgaactggaacctgtcattcggagggcggcgaaatccgtcgccttccagtggccggggatcgttgagcaggaggacgtggagcaggagatctgggcacaccttctggctcgcgagagcaccctggagaaggtcaaggcgatggagaagcgggaacagtaccgcgccattgttggtatcggtcaccagatagccagtcaggagcgtacggactacgaccactacaagggctcgtacacatacgccgtggaagacgtgaagaacctactcaagcgaggggttctcacgactaaggtcgatggattcgacgctgctgtggtcgacctgatggagggcttggagaagctcgtcgtcaagaccccgcaatatgtcgaggccatcatcagccggtacgcggatggggaagtgccgtccacgaagtcggggaagcaccggctcagccgggggttggaagcgctcactaaggcgatgaaccaaagcgcaagagtccagttcgcaacccgcgatgacgggccggggactcggggccaggtgagcaccgaggaccactacgaaggcaacgatttcgacttcgattcgttcgccaaccaccaggggatcggctggggctag,1,5,12,0,2,4,4,3,1,5,1,1,1,6,3,2,2,6,9,0,0,0,4,1,1,3,6,1,1,5,4,1,7,10,12,5,3,6,6,3,1,6,8,2,0,9,6,3,0,7,1,1,0,2,3,0,0,0,3,0,0,6,3,0
Mycobacterium phage Naca,Duplodnaviria,KIP48_gp44,bacteria,DNA,linear,NC_054774,YP_010060673_48,gtgacagagcagatcgtcgtcatcagcgacacgcagattccgtacgacgaccgtcgagctctgaaagccgtcatccggttcatcggtgactaccagccgtccaaggtgatccacatcggggacctgatggactacccgcaaccgtccaggtggagcgaaggcaccagggctgagttcgagggctctgtgtaccgagactccgagcagtgcaaaaagcgcttcctggagccgctgagagcggtatacgacggtcctgtaggtgttcacgagggtaaccacgatgaacgtccacgggtatacctggagaagaacgcaccggccttggcaggcacggagatgttcaacttcgagaagctcttggacttcgacgggttcggcgtcgaactccttccggagttctacgacatcgcccctggatggctgtccacacatggtcaccgcggcggtatccgggtctctcccatcgcaggcaacaccgcgctcaacgcggcgaagaaggctctctattccatcgtcatggggcacacccatcggctgggactcgggagctacacctacggtgcccggggcaagaactcgaagatcgtcactggtctggaagtcggcaacctgatggacatgcgtcaggcgagttacctgaagggtggaacggccaactggcagcagggattcggactgctgacggtagaaggtcagcacgtccaggccaagccaattcagatcgtccgaggcaagttctcggtcgacggtttcacttgggaggttacttga,2,8,11,0,2,4,4,3,1,3,2,1,0,12,5,2,1,6,10,2,2,1,7,2,3,2,5,3,0,5,12,1,5,13,11,1,3,6,5,3,5,9,4,11,4,11,3,2,0,10,0,1,0,5,2,2,1,1,4,0,0,11,2,0
Mycobacterium phage Naca,Duplodnaviria,KIP48_gp43,bacteria,DNA,linear,NC_054774,YP_010060674_49,gtgacggaaaccgttctccaagaggctgagcgcctcatcaacggcgagcgccagcagcagtacggcgaggctaccgagtcgttcgagcgcatcgctggtatgtggtcggcgtacatcggcaaggaactgaagccgcatgacgtggtgaatctcatggtcctgctgaaggtctcacgcgccaagttcggataccaccgggactcgtacgtcgacatcgcgggctacgccggcctgggtgagcgacttgacaacgaacagccttggatcgacgccgagtgctgggatgcggtcgaggagaccgagagggagcctcggacgtggcaattcccctatcagattcctgagcgtgaggacgaagtggtcatcgtgacggaccgaaacggggtcgagttcacgaaccaccacgaccagggttactacatcttgtacccgactagtggcgagtacaccgatcccaaaggccccttccgagaggttgtggttggcgagtga,1,4,4,1,0,4,4,1,0,0,1,1,0,7,2,1,2,3,6,1,0,3,2,3,3,4,2,1,0,3,4,1,4,8,18,2,0,3,3,3,1,8,1,3,0,6,6,3,0,9,0,1,1,0,3,0,1,1,4,0,0,5,1,0
Mycobacterium phage Naca,Duplodnaviria,KIP48_gp42,bacteria,DNA,linear,NC_054774,YP_010060675_50,gtgaccaacatcgtagtttctctcaacgacggcaccgagatctccgtcaacggtgactcgttcgatgagtacgaaaggatcttgtacgtctactcgaaggacgagcgggttgcgatcttcaacaaggatgagtgggtcttcggtgtgaagcagccgcctacgaccaccctcaaacccgttgagccgggtgagcgggtaatcgtgacgaaggtgtcgaagccatctgacagccttttccggtcgccgcagaagtgggagtacctggtgtacatcccgacgcatctgacactcagggacggcgacgggttgacctggcagcacaacggcaagacatgggtccgagaggatggtcgggaatctcccagcggttggaccggcccttacacggaggttatcaagtga,1,5,8,0,2,6,4,0,0,2,2,0,0,7,0,0,0,1,3,1,1,2,4,2,1,0,4,0,0,3,2,1,2,6,9,3,0,0,1,0,0,4,1,5,2,4,5,4,0,6,0,0,0,1,4,3,1,0,5,0,0,4,2,0
Mycobacterium phage Naca,Duplodnaviria,KIP48_gp41,bacteria,DNA,linear,NC_054774,YP_010060676_51,atgagcaccaccattcgcgaaatcggcaagatcgtgtcggaggttggggtcgaggtcgtggagatctcttccgagcgcctggaactcagagctggcgacaacgtcatcgcgtcggcggttgttgatgactggtccggcaagtacctcgttgacatcaaatcggtgtctgaccacaccaactcgttcttcgtcccagacgtgggcgaagcggtcgatgctctggaagacatcggcaacctgtacctcgcgctgaagaagggggacctgtga,1,3,4,0,0,3,0,0,1,1,0,0,0,6,1,1,0,1,0,0,1,0,0,0,0,2,0,0,0,3,5,0,4,7,4,2,0,0,4,2,0,5,2,0,0,5,4,4,0,2,0,0,0,2,4,2,1,0,1,0,0,2,0,0
Mycobacterium phage Naca,Duplodnaviria,KIP48_gp40,bacteria,DNA,linear,NC_054774,YP_010060677_52,gtgaatctggaggatattcacgactacgtctacacggacgatgaggaccagcttgagctggtcctggggcaggggaccctggagttcttggccggggaggacccgttcggcctggatgaagaagacgaccagctcgtgatcgacatgaccgtccatttcgaggacggagcgcaggtgtcgattcaggtcgtcgcacccgacaaggaacacgccttggcggcgttggtacgtgctagcgctggggaataccttgcggcgctggctcaatcactggaggaggaagcatga,0,0,1,1,0,2,1,0,0,1,0,0,0,1,1,2,1,2,5,1,0,1,1,0,0,0,0,1,0,1,7,2,5,9,8,3,2,2,5,3,1,1,4,0,1,5,3,0,0,3,0,0,1,0,1,0,1,0,0,0,0,3,3,0
Mycobacterium phage Naca,Duplodnaviria,KIP48_gp39,bacteria,DNA,linear,NC_054774,YP_010060678_53,ttggcgacgcgcggcctagtgacttcctctccggaagttcaagccgaaatcgacaggttcatgctcgggtacgtgggagacccactccctggtcatgagatgtatcgagggatgttggcgatcccgtacctgcggtggtcgtacgaatcccgttggcaggttgtatcaatcaggttccgtcgactggacggagacgagaaaccgaagtatctcacggtagcgggagatcagccgtggctgtacaacactctgtcgctgatcaagcacagtccagaagtggcgatcaccgaaggcgaaatcgactgtatcacagcgcatctgtgcggtataccgagcgttggggtgcccggtgtgcagacgtggaagccgtacatgcgggagctgttcctgggataccgcgacgtgtacgtgttcgcagacggagatccaccgggaatggaattcgctgagagagtggcgaattcgataccgggagccaaggtgattcctatgccggagggcgaagacgtgaactcggtagtgatgggacagggtggcagggccgctctgctggaaaggataagaaggtga,1,2,4,1,1,1,3,2,2,1,5,1,3,7,7,1,1,1,4,2,3,1,9,2,2,2,2,2,1,3,10,0,9,8,5,2,1,3,6,2,8,4,3,4,3,0,11,3,0,7,0,2,1,2,4,1,1,1,4,1,0,5,2,0
Mycobacterium phage Naca,Duplodnaviria,KIP48_gp38,bacteria,DNA,linear,NC_054774,YP_010060679_54,atgagtgacgccccgattgtccggctgatcaagaggtactaccccgactgggagccaccgaaggtctcggcgtctcggtggcaatcgtgtctgtgcccgttccacggggacgagcagccgtctgcatctatctcggtgcagtacaacgctttcaactgcttcgtatgcggtgtgaaaggtgacctcatcaaactcatcagagaaagggagggggtgacatttgcagaggctaagcgaatcgcagaagagctttctgagggaagcgacggacaggtacaggctcagcctcccaggcagtccaggagaagagtatttggcgacgcgcggcctagtgacttcctctccggaagttcaagccgaaatcgacaggttcatgctcgggtacgtgggagacccactccctggtcatga,2,2,3,1,1,0,0,1,4,2,4,3,0,5,1,1,1,1,7,1,1,4,4,2,3,0,4,1,0,3,2,1,2,7,6,0,3,1,2,4,3,1,3,2,4,2,3,1,0,3,0,0,2,2,3,4,1,3,3,1,0,4,0,2
Mycobacterium phage Naca,Duplodnaviria,KIP48_gp37,bacteria,DNA,linear,NC_054774,YP_010060680_55,gtgagcttccaggccgagttcaacgcagcgttcaagcgcctcctggaggagcgagagggcataggtgacatctcggagatcgtcaccgtcgaggaggacacgtactacggcggctactgcgagacctgccgctacgaggagcagatcgtgagggtcgtctaccgagacaccaacggcgcgtggcattccaccacgatctggggcacgttgtcctcgttgatcaactcgctgctcaaggagtggccgtcctga,0,3,2,0,0,4,3,0,0,1,1,0,1,5,0,0,0,0,2,1,0,0,1,0,2,2,0,0,0,2,2,0,0,3,11,0,1,1,2,0,0,5,0,1,0,4,2,0,0,5,0,0,0,3,3,0,1,2,3,0,0,3,2,0
Mycobacterium phage Naca,Duplodnaviria,KIP48_gp36,bacteria,DNA,linear,NC_054774,YP_010060681_56,gtggggcaagtgacccccgaacaggtagtggagtggtcgctagttgcccttgtggcggctcctgcggcgatgcttctggtcctattggccgctctgatcgtttcggcacttacggattggtggggcgagtga,0,0,0,0,0,1,1,0,0,0,0,0,0,1,1,0,1,0,1,0,0,1,0,1,0,0,0,0,2,0,2,3,1,0,2,1,1,2,3,2,0,1,1,0,1,1,4,2,0,0,0,0,0,0,2,0,1,0,3,0,0,0,1,0
Mycobacterium phage Naca,Duplodnaviria,KIP48_gp35,bacteria,DNA,linear,NC_054774,YP_010060682_57,atgaccactatcaccccaaatcacctggcgcgggcggatattcgtccgcagatcctgtctgcactgctcgacaacaagaccatctcccgcaaggagactcggtcgaagtcgatcaaagacaagcacggcaacccgaagaagatcgtcaccgagcaccacgacatcaatctctacgaggactacgaggttgagattccggtaccgactttggccggacacgtctcggagctgaacgtcgaacgtgcggcgcgggggtggggcaagtga,1,3,7,2,0,4,0,3,0,0,0,0,0,6,1,2,0,5,1,0,1,0,4,0,0,1,3,2,0,2,4,0,1,4,6,1,1,1,4,0,1,2,1,0,1,3,0,1,0,2,0,0,0,1,3,1,1,0,1,0,0,0,1,0
Mycobacterium phage Naca,Duplodnaviria,KIP48_gp34,bacteria,DNA,linear,NC_054774,YP_010060683_58,gtgccagctaagaaggtcgagtgcaaagactgcatcgaagagggcatcacgacggtccggaagccggccaccacaaaggccggcaagccggtaccaggcaagagatgcgtgacgcacgaacgggctcggaaagccagaacgaaagacgctgcgtgggaacgcaggctgatggagacgtacggcatcaccgccgaggagtactggaagatctacgagttccagggcgggaagtgctacatctgccgacgagccacggggaaggggagaaagaagctctcagttgaccatgatcacgacacagggttcgtcaggggtcttctctgcggaccgtgtaaccgagacgttgtggggcatctcagggacgatcccgaggcgttcatgcggggggctgactacctgaaggcaccaccggctatcacggtgataggacgccgggtagctcccatcgaattgaaagccgcttga,4,1,12,0,2,2,7,0,3,0,3,0,1,7,2,0,0,2,1,2,3,2,4,0,3,2,5,0,0,3,2,1,4,7,7,2,1,6,2,7,2,5,6,1,2,3,4,2,0,5,0,0,1,0,0,0,1,6,2,1,0,3,1,0
Mycobacterium phage Naca,Duplodnaviria,KIP48_gp33,bacteria,DNA,linear,NC_054774,YP_010060684_59,atgactgaccaacaggccgcgttcgtgctgatcacgatctacgccctggtgatgctcatctggtggttgttgagtggagacaacaacagtgccagctaa,0,2,0,0,0,0,1,1,0,1,0,2,0,3,2,0,1,0,1,0,0,0,0,0,0,0,0,0,0,1,2,0,0,2,0,0,0,3,1,0,1,0,0,0,0,0,2,0,1,1,0,0,0,0,0,0,0,0,2,0,0,1,2,0
Mycobacterium phage Naca,Duplodnaviria,KIP48_gp32,bacteria,DNA,linear,NC_054774,YP_010060685_60,gtgaccgacactctcatcgcggttgtggctatagcgttgatcatcgcaggcgtggggtatctggggtggttgttcgatgactga,0,0,0,0,0,1,0,1,0,0,0,0,1,3,0,0,0,0,0,0,0,0,0,0,0,0,0,0,0,1,1,0,0,2,0,1,1,0,2,1,0,1,2,0,0,0,3,1,0,0,0,1,0,0,0,0,1,0,1,0,0,1,2,0
Mycobacterium phage Naca,Duplodnaviria,KIP48_gp31,bacteria,DNA,linear,NC_054774,YP_010060686_61,atgaagttgtcgctcaacgtgttcgggctcgaagtagctttcatcgagctcgaacttgacaacggacagacgccgacagaagttgtcacgggtccggtatctcgtgtggtcaaaacggtctcacgcctgtgggtaggaggtatgacgacgtga,1,2,1,0,1,0,5,0,0,0,0,0,0,1,2,0,0,0,1,0,0,0,2,0,0,1,0,1,0,3,1,1,3,1,1,0,0,0,0,1,2,0,1,2,3,3,2,1,0,0,0,0,1,0,1,1,1,0,1,0,0,2,1,0
Mycobacterium phage Naca,Duplodnaviria,KIP48_gp30,bacteria,DNA,linear,NC_054774,YP_010060687_62,atgaagtggttcgtcgcgctaggagcgctagccgtggtgctgacgggatgttccaaagcatcggcttccgaggacagattcagcgtggagtacatcgacggtgccaagtgcatcatctacgccccgtacgacggctccggaaatggtattcagatggaatgtgacttccgatga,1,0,2,1,0,0,1,0,1,1,0,0,0,3,2,1,0,0,1,0,0,0,1,0,1,0,0,0,2,0,1,0,1,4,2,0,1,3,2,1,3,1,0,2,0,1,3,0,0,3,0,0,0,3,1,0,1,1,1,2,0,3,0,0
Mycobacterium phage Naca,Duplodnaviria,KIP48_gp29,bacteria,DNA,linear,NC_054774,YP_010060688_63,atgaagaagatcaccgctaccacactcatcgcagcagccgcagctatcggcatgtctgcgtgtggcgtcaacgacgccgacgtagcctcggagaacgtctcgaaggctgctgacaacttcgagatcaaccgccgcatcgtgttcttcaacggcatcaccgacaagtacttgctggagatccagggccggtgctcgatcaacgctgacacggcgtcgaagaagctcgacgtgacctgcaagaccaaggacgggatcaagaagcacttcttaggtctgtccgacaacgtctcctacttcatggagcaggtcgaaggcgctcacgtctccgaagatttctaccgagtcacgttcaagccctccgtcgtcgtcccggatgttgacctccgatga,0,7,11,0,1,5,2,0,0,0,0,0,0,9,3,0,0,2,2,0,0,1,1,0,2,2,1,0,0,3,2,0,2,9,4,2,3,3,2,6,0,5,1,1,1,9,2,1,0,3,0,0,0,4,4,1,1,2,0,1,1,7,1,0
Mycobacterium phage Naca,Duplodnaviria,KIP48_gp28,bacteria,DNA,linear,NC_054774,YP_010060689_64,atgtatacgcctagacagtcgctctacatcaaaggctcggcgggcgatccgttgcctacggtgtgggaaacgctggagaacaagggaactcggttcctccgtgggcaactctgcctgatctgtgcagcaccaggtatcggcaagtcagcgttcgctctgacgtacgcactgaaggccggagtccccacgctgtacttctctgcggactcggatgcattcacgcagctcaccaggtctgtgtcgattctgacaggcatgacgatggacaagtcggccaggcagatccgtgaggagtcgctggagccccaagcgctgtgcgccttggaggaagcgcaggtgatgttcaagtacgacgcctcaccgacgttgacgcagatcgaggaccccttggaagcgttcgcacagaagtacggcgagtatccggcgctgaccgtgatcgacaacatcacgaacatccgcatcgagggaggagccaacgaggacgacccgttctcgggcctggaagggttgatggactacctccacgacatgggacgccagaccgcgtcgtgtgtggccgcgctgcaccacgtgaagggagacttcaacaacggcaacgtccccatccctctgaacggcatcaaaggccagatcgggcgtgtgcctgagatggtgctgacgctgcaccggatcaccaacgactacggtccggacgctttcaacgtctccaccgtgaagaaccgagggggtaagtctgatccgtctggattggactacgccacactggatttcaccggagacacgatgcagatcgtggacccgacgtag,2,11,9,0,2,6,13,1,1,0,2,0,0,14,8,1,2,4,9,0,1,4,7,4,1,2,2,3,0,5,15,0,4,15,10,4,5,7,9,2,8,9,4,3,0,3,10,0,0,8,1,2,2,1,8,4,0,2,1,2,0,10,6,0
Mycobacterium phage Naca,Duplodnaviria,KIP48_gp27,bacteria,DNA,linear,NC_054774,YP_010060690_65,atgtttgacgcgattaccgcttcgctgctgaacggcgaccatatcggccacatcatcgagttcgactggttgtttcccgcatcgctggtgaaggctcggatctccggtgagctgagggagatccaccacgcatccgaagggtatgtcgacgtgtggctgtcgaactctgagtcgggggagaaggaggagttctcgatctacgtcgggaagaaggtcgatgtatacgcctag,0,2,4,0,0,1,0,0,0,0,1,0,0,6,1,1,0,3,0,1,0,1,0,0,0,0,1,0,0,0,5,0,1,4,7,1,2,1,1,2,0,2,3,1,1,3,2,0,0,2,1,1,0,2,5,1,0,0,2,0,0,2,1,2
Mycobacterium phage Naca,Duplodnaviria,KIP48_gp26,bacteria,DNA,linear,NC_054774,YP_010060691_66,atgagctggagcggatacatcccaggaggaatgttgaccccgattaagaggccccaagaggtcatcgaagaagctgtggagtcgtcgtgggacggcgaccttatcgacccggcagaggcatcacaggaggccatcaacgagcttgaacggctcggctacatcatcgtccacagggggtactga,0,1,1,0,0,1,0,0,0,2,2,0,0,6,2,1,1,1,1,0,1,1,2,0,0,0,1,0,0,1,0,2,3,3,5,0,2,1,0,1,3,2,1,0,0,2,1,0,0,3,0,0,1,0,2,0,1,0,2,0,0,0,1,0
Mycobacterium phage Naca,Duplodnaviria,KIP48_gp25,bacteria,DNA,linear,NC_054774,YP_010060692_67,atgactacgacgaagacgaactttgatgacccggcagagcgtgaacttctctacgccgacgacgctccgcacgagacgggcggggtcctccggatgttccggaacggcatgaagggtccgcagatcgccaaggagctcgggctccccgttggtccgcagctctcccgcgagatgcagaaggctcttgaccaggagaccgatgccaaggatcgcggtgtgcctatccacgatgcgggggtgcaggtggtcgcatga,0,2,5,0,0,1,4,1,0,0,0,0,0,2,4,0,0,2,5,0,0,1,4,1,0,2,2,1,0,5,0,2,1,4,5,4,2,3,1,2,0,2,3,3,0,2,3,1,0,1,0,0,0,1,0,0,1,0,0,0,0,1,0,1
Mycobacterium phage Naca,Duplodnaviria,KIP48_gp24,bacteria,DNA,linear,NC_054774,YP_010060693_68,ttgacatcgtacaagaaggagattccgctcagcacggagtctaagtactggttcgtagagatgggggagctggaccggctgaacggtccggcctcctacccgttcccatctgagctgtctgcgttcaggttcgcggcggctgaaaagcgcagagccgcaggacatttgtggattgacctcgacgggtcaactcaccgcggagtcgacagagacatcgcagtccggttcccagacggacacaccatacagattcaactaccagagctaggagacatagatgactacgacgaagacgaactttga,0,1,4,0,1,1,1,1,2,1,1,0,2,1,1,3,1,2,1,1,3,0,3,0,0,2,2,0,2,2,3,1,3,10,6,1,2,2,3,1,4,0,2,1,1,2,0,0,0,4,0,0,1,1,1,3,1,0,2,0,0,5,2,0
Mycobacterium phage Naca,Duplodnaviria,KIP48_gp23,bacteria,DNA,linear,NC_054774,YP_010060694_69,atgacgacggcggttgctcaccgaagcgtctctcagtacaaccagtaccagctgtgcccgtattcgtactggctggctcgcatcgagcgtgtgtggagccgtcctgccgcctggctgccacagggaacggcgttccacgaagttgcagaccaagtggccaagtccaagggtttgatgactctggaggaagctcaggccctattcgccaaggagtacgacaaagacatcgctgagatgtgccgggacacccccaacgtgtggttctggtcgaggtctggaccttacggcggcaaggttgacatcgagcgacggtacaaagtcggcttggagcagatcgagaagctgtttcggtggttcgagaagcatccggaggagcggttctggacgacgccgaacggcgacgttggctcggagatcgcgtttgacatcgacctagaaggtgtcgttgtgaagggcttcatcgacgcggtactcgacgtggtcgaagactccgatccggaagagttcacgaccgtgctgcgggtgcgtgactacaagaccggcaaggcaccctccgacgacttccagctcggggtgtaccgcgtggcgctgaacatcatgttcggcatcgacgtgctggagggggacttctggctgggcaagtccggaaaggcaacgttcccttacgatttgagcgactggacacgggaacgggtgaccgagatgttccacgagctcgaagacaacatccaggccggcaacttcgagcccgaccctgaaccgtccaagtgccgtttttgcgacgtgtcagcgtcgtgtcagttttcaatgggctag,2,6,12,0,1,4,7,1,0,3,1,0,0,10,6,0,1,3,9,1,1,3,5,4,2,2,7,4,2,3,9,0,8,20,16,2,3,6,6,4,3,11,2,2,1,4,12,5,0,9,1,1,2,5,4,2,0,4,9,1,0,13,3,4
Mycobacterium phage Naca,Duplodnaviria,KIP48_gp22,bacteria,DNA,linear,NC_054774,YP_010060695_70,gtggcacgtacagcttctcccgcaattttcataccgcgactctccatccacattctggggaggctgtacgtagccactatcggtacaaacactgagacgactctctacgtcaggagaagctcgaaggtagacctcttctcggacgagtactcacctgtcacccaacacgtcagcaagtacggcttcactcagaccggatggtctatcgaggaggaccacgtgtacgacggaggtatcgccgaagccaccatctacaagcgatcgcacacgacgctggaggctgcatga,0,1,3,0,2,3,3,4,1,2,2,0,1,5,0,2,1,4,1,0,0,1,1,1,2,0,0,1,0,3,3,0,1,4,5,0,3,3,0,2,2,1,1,2,2,3,2,0,0,6,0,0,1,1,3,2,1,0,1,0,0,3,0,0
Mycobacterium phage Naca,Duplodnaviria,KIP48_gp21,bacteria,DNA,linear,NC_054774,YP_010060696_71,atgacagaccaagagtctttcctgatcgaattgctcaaacatgagggcttatcacctgagcctattcgcatcctccgtgacgtttacggatggacttatgcagacatagcccgacatgtcggaaagactcgtcaggcggtctcgttcatcgctaagaagtacataccgccgacgccacgccaagaagttcttatgaaggcgtggccttttgaaggtgtgtccggtaggcacctggaggcttatcagtatcggttgctgagacaccacgccgaatacatggctacaggtggtgaaggcatggacgacctgatccttaagcggcttcgaggcttctataagaagctccgtgacggcgacttcgttgtcgaatatgatcccgaaattcctccaactgaggacaacattcaaggtggctgggcatatcgaccacgggaagaaagtgacggcaatttgatagtgcgagagaacgagcacactcacataactgaagaaggaatgaacgtatgggtttaccccaaaaccgaaccatga,2,3,7,1,2,1,1,5,1,0,1,1,4,4,5,3,3,5,2,2,4,2,2,4,4,2,3,3,0,3,4,3,12,9,7,1,2,2,2,3,3,6,0,5,1,3,2,4,0,4,0,6,1,1,1,1,1,0,4,0,1,4,3,1
Mycobacterium phage Naca,Duplodnaviria,KIP48_gp20,bacteria,DNA,linear,NC_054774,YP_010060697_72,gtgaggctgcttctgaccctcgtagtcttggttctggcaactattctactcagtctgccaggcgtcatcgtagaggcttcagccgccccgtgcattcccagatctgagacacatgtcacaaaacacggagggttgaaagctgactcagcgtggcacgtggcaaacggcgagcttccgacatgcgactcgcgaagtcatagaagtgacacagagaagagttctagcgaagatagccatgatgacgagcgcaagtcgaggttctgccgcaagcgctggtggtgctga,2,1,3,0,4,1,0,1,2,2,2,4,0,1,0,2,0,2,0,3,1,1,2,0,1,3,0,0,1,2,4,2,1,4,5,2,2,2,1,2,1,2,1,0,2,3,2,1,0,0,0,0,2,0,2,2,1,4,3,0,0,1,2,0
Mycobacterium phage Naca,Duplodnaviria,KIP48_gp19,bacteria,DNA,linear,NC_054774,YP_010060698_73,atgacaccatctgaataccgagcacaggcagacgcggtcgagtcgttcataacctcgtggggtgacggctacctcgcatcagacatcgccacgcacctgtcatgcgtcgaggtcgaggcactcgccggcctcctatctgcgctgggcgaggtcagcagtgctgagacgtggatcgagttccactcggaagccgacgactgcggcgatcagcactgccggtgtgaggagtgcaacgcggggtga,0,1,0,0,1,1,2,0,0,1,0,1,1,2,1,0,0,3,2,0,1,0,0,0,1,0,1,0,1,3,2,0,2,5,8,1,4,3,3,1,0,4,1,1,0,4,0,0,0,2,0,0,2,0,3,2,1,4,2,1,0,2,0,0
Mycobacterium phage Naca,Duplodnaviria,KIP48_gp18,bacteria,DNA,linear,NC_054774,YP_010060699_74,atgatcgacctgaacctagccgctgagctcaaggacaagatgccttccatcgacgagttctggaagttctcgtccggacccggctggtacctgtccaatggcgagtacccgatgtactgggacggcgacaagtggcatgacccagctggagacatggaggaacacatcaccgagatcgtcctccctcacctggaagagatgttcaggcttgggttcgtagcgggattgcaagcggccaaacaggattcggagccagaatga,1,1,4,1,0,1,0,0,0,0,1,0,0,4,5,0,1,2,1,1,2,1,1,2,0,0,0,0,1,2,3,1,3,7,7,1,0,2,2,2,3,3,1,0,1,1,0,0,0,3,0,0,0,3,2,0,1,0,4,0,0,4,1,0
Mycobacterium phage Naca,Duplodnaviria,KIP48_gp17,bacteria,DNA,linear,NC_054774,YP_010060700_75,atggacgacaaggaactgatgggcctgctagccgcccgcgacggcgcacgtcgcgtcgtagcagagctcaaagtccagctggcagaggcagagtcgcagctcgactacgcaaccatgatggtgatcgcacacgcctaccggaagaagggatga,1,0,3,0,0,1,0,0,0,0,0,0,0,1,4,0,0,1,2,0,0,0,0,0,0,2,1,1,1,2,3,0,1,4,3,0,6,3,0,0,1,2,0,0,1,2,1,0,0,2,0,0,0,0,1,0,1,0,0,0,0,0,0,0
Mycobacterium phage Naca,Duplodnaviria,KIP48_gp16,bacteria,DNA,linear,NC_054774,YP_010060701_76,atgatcgagatcagcatcgacggtggtagcccgatggagatttcggacgcgctgcgagaagtagctgtagatgtcgcgcacggatacatcccaaccgacaggttcttccgcaccaagctctggggaggaagtcggcagatcgggaccatccggaccattcccgaatccgctttcgactga,0,0,1,0,0,4,0,0,0,2,1,1,0,6,2,2,0,1,1,0,1,1,1,0,1,1,2,0,0,1,1,0,2,4,2,1,0,0,2,2,3,0,1,2,2,1,0,0,0,1,0,0,0,1,1,0,1,0,1,0,0,3,0,0
Mycobacterium phage Naca,Duplodnaviria,KIP48_gp15,bacteria,DNA,linear,NC_054774,YP_010060702_77,gtgacagcagcggtgcaggccgagccgttcttgatccgcgagggttcgtcgctgcggacacaggacgagcttgactacatcttcgtgcaagacgtggagcagatcgcgcaatggtcccatccggacgattacgagagagcctccgactacctctgcgaagcggagctagctatcgaagaagtggacgactggagccgagaagacttgcagcacatcgctgcatcggctgaggggcttctgaacgacatgggcttctacgtcgagtggaacgacgggtacgtgatctatcgggatcctgacggggatggtccattccctaacggcgcaccgtggaaggtacgaccatga,0,3,1,0,2,0,0,0,1,1,0,0,0,6,1,0,2,1,4,1,2,0,3,2,2,1,2,0,1,1,2,2,4,11,8,3,3,2,3,3,0,2,3,2,1,1,6,0,0,5,0,1,0,2,3,0,1,1,4,0,0,4,2,0
Mycobacterium phage Naca,Duplodnaviria,KIP48_gp14,bacteria,DNA,linear,NC_054774,YP_010060703_78,atgaggtatcaagtcaccatcgagaacaacctgctggataaggccaagtcggtcactctgctcgacggcacagggcttccaacaactgtagcggtacatcacgtgcaaagtgatgacgcggagtaccagctcttggctgccgccatcgacaggttcgcgtcggtcatgaagcttcgagacgaactgaagaaggagaaggaatcgtga,0,2,6,0,2,1,0,2,0,0,2,1,0,2,2,0,2,1,1,1,1,0,0,0,1,0,0,0,0,2,4,2,2,4,3,2,0,3,3,1,0,1,1,0,2,3,1,0,0,1,0,1,0,0,3,0,1,0,0,0,0,1,1,0
Mycobacterium phage Naca,Duplodnaviria,KIP48_gp13,bacteria,DNA,linear,NC_054774,YP_010060704_79,ttgggtggagctgagctgagacatcgcgcaaagtgcctcgactgcacatggaaacacaagtccacacaccgctggtctcttgagctagcagctcgattccacagcgacacaacaggacacaagaccaaggaattgccatga,1,0,4,0,4,1,0,0,1,1,0,0,0,0,0,0,0,4,0,1,1,0,0,0,1,2,0,0,1,1,1,1,1,2,2,0,2,0,0,2,2,0,0,1,0,0,0,0,0,0,0,0,0,1,0,1,1,2,2,0,0,1,2,0
Mycobacterium phage Naca,Duplodnaviria,KIP48_gp12,bacteria,DNA,linear,NC_054774,YP_010060705_80,ttgaagaactactcggtctgggcagaagactggaggggccacaggattctggtggtcgatgacattctcagcctccccagggctgaagagatcgctgccatcatccgtgccatctctgccagaggttgtgcttgggtggagctgagctga,0,1,1,0,0,0,0,0,1,2,3,0,0,4,0,2,0,1,0,0,0,1,0,0,0,0,0,1,0,2,2,0,2,2,2,1,1,3,0,3,0,1,0,1,0,2,2,0,0,1,0,0,0,0,1,1,1,0,3,1,0,0,1,0
Mycobacterium phage Naca,Duplodnaviria,KIP48_gp11,bacteria,DNA,linear,NC_054774,YP_010060706_81,atggtggtaggcacgagggttcgcgacgaatacgggcataggggagtcgtcatcaaggctccctcgcctggagtttcggtcctggtcctctgggaaggatcagacttcagcacttgggaactcacgaacgacttgatggaggcataa,0,1,1,0,0,0,2,1,0,1,2,0,0,1,2,0,0,0,0,1,0,1,0,1,0,1,0,0,0,2,1,0,3,3,1,0,1,0,0,1,3,1,1,0,1,4,1,2,1,1,0,0,1,0,2,0,0,0,2,0,0,1,1,0
Mycobacterium phage Naca,Duplodnaviria,KIP48_gp10,bacteria,DNA,linear,NC_054774,YP_010060707_82,atggcacgcatctacgtcgcagacttggccgcgtacaacgctggggttctacacggtgtgtggatcgacctcggcgagacggattccgaaggcatgtggacagaggtcaaagacatgctccgagaggggcaaaagctctacgtgtccaagaccttgggtgtgcacgaggagtgggccatccacgactacgaaggcttcggtgatatccgaatctccgagcatgaggacctcggcacgctgctggacttgtcggaagccatcgagaagcacggcgatccgttcgtcgcatggataagtgaagcggtcggagacataggctacttcgcagatgtcgcagacgcggtgtcgcagttcgaggattgcttcgtcgggccgatgacgctggaggactacgcgtacgagtacgccagcgaagttctcgggctgaaagataccgctctcgactacttcaactacgagaagttcgcgaacgacctgtcgatgtccggagacatgacagaggtctactacaacggtgtcgactacgtgttccgcgcttggtga,2,4,4,0,2,2,3,0,0,1,0,1,2,6,6,0,1,4,1,1,0,0,2,0,2,2,0,0,1,6,5,0,5,13,13,6,5,4,5,3,2,6,4,4,0,8,5,2,0,13,0,0,0,4,3,0,1,1,5,0,0,8,3,0
Mycobacterium phage Naca,Duplodnaviria,KIP48_gp09,bacteria,DNA,linear,NC_054774,YP_010060708_83,gtgtgcagggttcgattccctcgacgggcgctcttgacaacggacaacgacaacgccggaggtataggtatggcgcaatttcgaggcacgctcgaaggtaaccgtcagatggtgtcacgactaggttccaaggcttcggggttagtcgtcaccgccaacgggtggaacgtcggcgctgagattgtcctcagccacgtcgatggcaaggacttggttcgtgtgttcaagacatcaggcagcaacgctctgaccgggcgtgagctgatcgcagagtttcactaa,0,6,3,0,2,2,2,0,0,2,1,0,1,1,2,1,1,2,1,0,0,0,0,1,4,0,1,3,1,3,2,0,1,3,3,1,1,2,2,3,1,4,3,4,0,5,3,2,1,0,0,0,2,1,1,0,0,1,1,0,1,2,2,2
Mycobacterium phage Naca,Duplodnaviria,KIP48_gp08,bacteria,DNA,linear,NC_054774,YP_010060709_84,atggcaggcttcgtgatcaacggtgtggtgttcggcaacgagtgggacgaggatcaggctatcgacgcctacgcctacaagctcgacctggacactctggaaggtgtcgacctggacatccgtcctgcaacggttcgtgaagtgttggccgatgtgtacggggaggattgggcgacagaggattaccgtcgcaacgatctctcgcacctggtcgacgttcactggaacgaggaacggtacgagtacgtggctccttctcagatcgtgctcaaccacacgatgagccgcgatgtgcacgggtacgaagacaccgtaggtatcgcgaactaccgcgtgctgcgccgtgagtgggcagattgcccagctctgacagacggaccctactcaggttcgacgcacatcgggcttctgttggacgaggctgcgccggatgacctgatcgaggtcctggaagcattggattcctacccgatcctggacgaccaggagcactcgcaggctgagcaagagatgatccaggagcattgggaactgtacggtcgtgacgacgtgtacgacgcggtggcgaaagctatcggcgcggaccatcgttcggacctcaccgactacgcagaagagttgatcgacgcgttggtgtgggacggagtcttggactacggctgcggtggcggctacccgaccatgatcgacgcctcgatgtgcgacttcggcaccgaatacgtcgctgactggatcaaggctcggttgggcctggtgctctacgtcaagacccgtaacggctggggtgagggtcgggacgtgttcctcaatcgcaacaatctcgtcagcgcgtaa,1,8,3,2,2,5,3,1,0,2,0,0,0,13,5,0,1,6,5,2,1,1,3,2,0,5,3,7,0,7,12,1,8,26,15,9,5,4,8,8,2,9,3,8,1,7,14,2,1,17,0,0,1,1,5,1,0,3,8,0,0,4,7,0
Mycobacterium phage Naca,Duplodnaviria,KIP48_gp07,bacteria,DNA,linear,NC_054774,YP_010060710_85,atggagtacgtcggaaagcacaggctcacaatcgacttcgcaaacaccacgggtgttaggtatctgaccatcgcagggcggctctactgcacaggtgtggtcggacctatcgccgaggttggacgcaccatcgacgtgggcgacacgttcgactga,0,1,1,0,2,3,2,0,0,0,2,0,0,4,1,0,0,1,0,0,0,0,0,1,0,1,1,0,0,2,1,0,0,4,2,0,2,1,0,0,3,1,1,2,0,2,2,2,0,2,0,1,0,0,0,0,1,1,0,0,0,2,0,0
Mycobacterium phage Naca,Duplodnaviria,KIP48_gp06,bacteria,DNA,linear,NC_054774,YP_010060711_86,atggctatccagttccgcacgcaggagatctatgccggcgacctggaagtgggggactcgtttctctaccgggaccagtacgtctgcaccatcgagaccatccgtgaggaaggtgacaagcagcttcgtctaggcgtggtgtcgaccacgttcggagggatggaccttcggttcgatgtgatgcttcgtcggtccgatgtcgcgaccgtcgtgatcgcacaggtgggcgggtgtggaagcgcaacatcccctgagtttcagaagctggtggaccaactacgcaagcttgcccgggaggccaaaggcgtggcgaaacttgagtacgagaaagaaagcctgtggggtgagggctatttccaaggcaaggagactgcgttctcgttggcggccacgtggatcgaggagttgatctag,3,0,4,0,1,4,3,1,0,2,0,0,0,7,3,0,2,0,6,0,0,0,0,1,0,2,4,3,2,1,3,5,3,6,11,2,2,4,4,1,2,6,3,2,0,3,8,0,0,3,1,2,0,2,3,0,0,1,2,1,0,5,2,2
Mycobacterium phage Naca,Duplodnaviria,KIP48_gp05,bacteria,DNA,linear,NC_054774,YP_010060712_87,atggactcccgactgaaggtctcgtttggtcggatcatcgcggcagccgctgccatcggagcgatggcgattgcggatccaggcgtggaaggtaccgagtcgatgcgcatcaaaggcgacgactacggcgacggcatagtcatcacagaagatgacccacggtgggacgccgagacgatgggcaacggaaacgtaggcccggactgggattgccacacgatgggcaaccagatttgcgagttcggtgggtag,1,3,1,0,1,1,2,0,0,0,0,0,1,5,5,2,0,1,1,0,2,0,1,0,1,1,2,0,0,0,1,0,2,7,3,3,1,3,4,1,2,7,1,3,1,2,1,0,0,1,1,0,0,1,2,0,0,2,2,0,0,1,0,1
