virus,realm,locus_tag,host,type,shape,accession,protein_id,coding,AAA,AAC,AAG,AAT,ACA,ACC,ACG,ACT,AGA,AGC,AGG,AGT,ATA,ATC,ATG,ATT,CAA,CAC,CAG,CAT,CCA,CCC,CCG,CCT,CGA,CGC,CGG,CGT,CTA,CTC,CTG,CTT,GAA,GAC,GAG,GAT,GCA,GCC,GCG,GCT,GGA,GGC,GGG,GGT,GTA,GTC,GTG,GTT,TAA,TAC,TAG,TAT,TCA,TCC,TCG,TCT,TGA,TGC,TGG,TGT,TTA,TTC,TTG,TTT
Palaemonetes kadiakensis Mississippi grass shrimp associated circular virus,Monodnaviria,AMR04_gp1,invertebrates,NA,NA,NC_027792,YP_009163920_1,atgagagagaaagagcggaacaacactgctgcgccacatgagcccgtgtcgcgtgatccgggctctattcgccgcactaaaagtataaagcgagacgctgtctcgctgtctcgtcgtgtagctcgctggtggctgctcactatccccgaggatgactggaacccccccgctgaccttccagccggcgtcgctcacctcaagggccagctcgagtccggagccgaaggaggataccgacattggcaggtcatggtctccttcaccactcaggtccgactaccggccgtcaaggccctattctcaagaacagcccactgcgaaccaagccgctcagacgctgtggacaagtacgtctggaaggaggacacccgagttcctggaacacagttcgagctgggacgagctcctgtcaagctcaactccaagcccgactgggacgcaatatgggacgccgccaaggcgggcaacatcgaagccattcctgctggtatacgagtacgaagttacgcaaacctgcgccgcatccgctcagatcatgctgtggcacttccggtcgaacgctcatgccgggtgtttgtgggaccgactggaactggaaagtctcatcgagcctggtcagaagccggtatggacgcttatcctaaggaccctcgaaccaagttttgggacggttaccgggatcagcttcacgttgtcattgatgaatttcgaggaggtatcgacatcgcgcatctgctccgctggctcgatcgttacccggtcaacgtggaaatcaagggagcctctatgccactagcggcaaaagggatttggatcaccagcaatctggcaccaaatctctggtaccccgcaccacagcacacagccacactgtaccacccgggtatccggtactggtcaaagtgttgtgctgagtag,3,7,13,2,4,4,0,6,2,2,0,2,3,8,4,4,0,5,6,5,6,6,6,5,10,9,4,4,3,7,7,3,7,13,8,6,6,12,4,11,10,4,1,5,2,11,6,2,0,8,1,1,6,3,2,4,0,2,13,2,0,3,0,3
Palaemonetes kadiakensis Mississippi grass shrimp associated circular virus,Monodnaviria,AMR04_gp2,invertebrates,NA,NA,NC_027792,YP_009163921_2,atgccagggaccctagtcagacgacgtagccgcagtgtaggatgggccaggcgtgcaggcgctgcagtgagtgttgcccggggtgtctggaggggggtgaagagagtgcgcagtgctatcagtcggggccgcagtctagctcgcagtaccagccgtacccgcagcaagagccgccccaagtcttccacccgaccctcgagcgccgcccccatgtccgtcgaccctcagagcatctcccacggctcagtcagtctccgtctagcttccccagtcaagggcatgaagagcctcggccgctgggtgtatactcagcaaaataatggtcgtattgtagccggactcggtcttcagggtgccggtgtcctcttgggccataatactattagtcagctggttgttgatacagctgtgcccaacggcactcagttcaaggatgatgtgtttgcaatgaacccttatcaggccaatacgggtagcggtatctttgggtctattctcgctcctagtcaggaccgtatcatgtgtcgctcggttcggaccaagttcatgatggccaacaccagcaacgccccctgtgttgttgttctctattgggtgcttagcaagaaggcgcaccagggtaatccgtttgaccggtggacctcatttctctctgagaccgcgctgggtcagagcaccgccacccagccaaatcagagtgattcatcgaccggccccggcacaactggcgtgccgacttttgccgtgtacggtcaggagccaaccaccgttcggtcgtggcgaaatacgttcaagttactccgccggaaggagtatcacatgtcctttggtgctgtgcagtgtatcaattattccgtagcggtcaataagatgtttgataagaccgttgctactcagcacaacactttgaccagtaccggatacccgggtggtacagtgtggctgtgtgctgtggtgcggggtaccagagatttggtgccagattgctggtga,0,5,13,9,3,17,2,7,3,11,2,11,0,5,9,3,1,4,14,1,5,6,3,3,3,9,7,6,3,8,3,2,0,3,3,7,3,11,3,9,3,10,3,14,3,7,14,9,0,2,0,5,3,6,4,3,1,1,8,4,1,3,3,7
