virus,realm,locus_tag,host,type,shape,accession,protein_id,coding,AAA,AAC,AAG,AAT,ACA,ACC,ACG,ACT,AGA,AGC,AGG,AGT,ATA,ATC,ATG,ATT,CAA,CAC,CAG,CAT,CCA,CCC,CCG,CCT,CGA,CGC,CGG,CGT,CTA,CTC,CTG,CTT,GAA,GAC,GAG,GAT,GCA,GCC,GCG,GCT,GGA,GGC,GGG,GGT,GTA,GTC,GTG,GTT,TAA,TAC,TAG,TAT,TCA,TCC,TCG,TCT,TGA,TGC,TGG,TGT,TTA,TTC,TTG,TTT
Pedilanthus leaf curl virus,Monodnaviria,TLCPakV_sAgp1,land plants,DNA,circular,NC_008299,YP_717914_1,atggtcccccctataaacttagtgcgcaagttgtgtttcacattcattatgtgggatccgttgttgaacgagtttcccgaaaccgttcacggttttaggtgtatgctagcagttaaatatttgcagttagtagaaaatgcgtattccccagatactttgggatacgatttaattagggatttaatttcagtaataagggctaggaattatgtcgaagcgaccagcagatataatcatttccacgcccgcctcgaaggtacgtcgccgtctcaatttcgacagcccatatgcgagccgtgctgctgcccccattgtccgcgtcacaaaggcaagggcatgggcgaacaggcccatgaaccgaaagcccaggatgtacaggatgtacagaagcccagatgttcctag,3,2,3,3,1,2,1,1,2,1,4,0,3,0,4,3,1,3,6,3,1,5,5,1,1,2,0,1,1,1,0,0,6,0,2,6,1,3,2,1,1,3,0,2,4,2,1,2,0,1,1,4,1,2,1,1,0,4,1,4,4,3,5,3
Pedilanthus leaf curl virus,Monodnaviria,TLCPakV_sAgp1,land plants,ss-DNA,circular,NC_008299,YP_717914_1,atggtcccccctataaacttagtgcgcaagttgtgtttcacattcattatgtgggatccgttgttgaacgagtttcccgaaaccgttcacggttttaggtgtatgctagcagttaaatatttgcagttagtagaaaatgcgtattccccagatactttgggatacgatttaattagggatttaatttcagtaataagggctaggaattatgtcgaagcgaccagcagatataatcatttccacgcccgcctcgaaggtacgtcgccgtctcaatttcgacagcccatatgcgagccgtgctgctgcccccattgtccgcgtcacaaaggcaagggcatgggcgaacaggcccatgaaccgaaagcccaggatgtacaggatgtacagaagcccagatgttcctag,3,2,3,3,1,2,1,1,2,1,4,0,3,0,4,3,1,3,6,3,1,5,5,1,1,2,0,1,1,1,0,0,6,0,2,6,1,3,2,1,1,3,0,2,4,2,1,2,0,1,1,4,1,2,1,1,0,4,1,4,4,3,5,3
Pedilanthus leaf curl virus,Monodnaviria,TLCPakV_sAgp2,land plants,DNA,circular,NC_008299,YP_717915_2,atgtcgaagcgaccagcagatataatcatttccacgcccgcctcgaaggtacgtcgccgtctcaatttcgacagcccatatgcgagccgtgctgctgcccccattgtccgcgtcacaaaggcaagggcatgggcgaacaggcccatgaaccgaaagcccaggatgtacaggatgtacagaagcccagatgttcctagaggatgtgaaggcccgtgtaaggtccagtcatttgagtccagacatgatatccagcacattggtaaagtcatgtgtgttagtgatgttactcgtggtattgggctgacccacagggtaggcaagagattctgtgtcaagtccgtttatgttttgggcaagatttggatggatgagaacatcaagaccaagaatcatacgaatagtgtgatgttttttctagttagagaccgtagaccagttgataaacctcaggattttggagaggtttttaatatgtttgataatgagcccagcacggcgactgtgaagaatgttcatcgtgatagataccaggtattaaggaagtggtatgcaactgtcactggtggacaatatgcatcgaaggagcaggctctcgtgaagaagtttattagggttaataattatgttgtgtacaaccagcaagaggctgggaagtatgagaatcatactgagaatgcgttaatgttgtatatggcgtgtactcacgcctctaaccctgtgtatgctacattgaagatacggatctacttctatgattcagtatcgaattaa,2,5,17,11,2,2,3,6,7,4,7,2,2,4,10,6,2,3,6,4,4,5,1,3,2,2,1,6,1,2,1,0,1,2,8,10,5,3,5,5,3,3,2,3,4,6,5,11,1,5,0,9,2,3,4,1,0,0,3,5,2,3,3,7
Pedilanthus leaf curl virus,Monodnaviria,TLCPakV_sAgp2,land plants,ss-DNA,circular,NC_008299,YP_717915_2,atgtcgaagcgaccagcagatataatcatttccacgcccgcctcgaaggtacgtcgccgtctcaatttcgacagcccatatgcgagccgtgctgctgcccccattgtccgcgtcacaaaggcaagggcatgggcgaacaggcccatgaaccgaaagcccaggatgtacaggatgtacagaagcccagatgttcctagaggatgtgaaggcccgtgtaaggtccagtcatttgagtccagacatgatatccagcacattggtaaagtcatgtgtgttagtgatgttactcgtggtattgggctgacccacagggtaggcaagagattctgtgtcaagtccgtttatgttttgggcaagatttggatggatgagaacatcaagaccaagaatcatacgaatagtgtgatgttttttctagttagagaccgtagaccagttgataaacctcaggattttggagaggtttttaatatgtttgataatgagcccagcacggcgactgtgaagaatgttcatcgtgatagataccaggtattaaggaagtggtatgcaactgtcactggtggacaatatgcatcgaaggagcaggctctcgtgaagaagtttattagggttaataattatgttgtgtacaaccagcaagaggctgggaagtatgagaatcatactgagaatgcgttaatgttgtatatggcgtgtactcacgcctctaaccctgtgtatgctacattgaagatacggatctacttctatgattcagtatcgaattaa,2,5,17,11,2,2,3,6,7,4,7,2,2,4,10,6,2,3,6,4,4,5,1,3,2,2,1,6,1,2,1,0,1,2,8,10,5,3,5,5,3,3,2,3,4,6,5,11,1,5,0,9,2,3,4,1,0,0,3,5,2,3,3,7
Pedilanthus leaf curl virus,Monodnaviria,TLCPakV_sAgp3,land plants,DNA,circular,NC_008299,YP_717916_3,atggattcacgcacaggggaactcatcactgcagctcaagcacagaatggcgtgtttatctgggaggttcaaaatcccctctatttcaagataacagagcaccacaacaggccattcctcatgaaccaagacatcatcactgtccagatacagttcaatcacaacctgaggaaagcgttgggaatacacaaatgtttcctagccttccgaatctggatgacctcacagcctccgactggtcgtttcttaagggtctttaagacacaagtgcttaagtatttagataatctaggagttatcagtattaacaatgtaattagagcagttgatcatgtattatggaatgtattagagcatattgtatatgtaaaacaatcatcttcaataaaattcaatatttattaa,4,4,3,7,3,1,0,3,1,0,3,1,4,6,3,4,5,4,4,2,1,1,1,1,1,1,0,1,2,3,1,1,1,1,3,3,3,1,1,1,2,1,1,1,5,2,2,3,1,0,0,4,4,0,0,1,0,0,3,1,4,7,1,2
Pedilanthus leaf curl virus,Monodnaviria,TLCPakV_sAgp3,land plants,ss-DNA,circular,NC_008299,YP_717916_3,atggattcacgcacaggggaactcatcactgcagctcaagcacagaatggcgtgtttatctgggaggttcaaaatcccctctatttcaagataacagagcaccacaacaggccattcctcatgaaccaagacatcatcactgtccagatacagttcaatcacaacctgaggaaagcgttgggaatacacaaatgtttcctagccttccgaatctggatgacctcacagcctccgactggtcgtttcttaagggtctttaagacacaagtgcttaagtatttagataatctaggagttatcagtattaacaatgtaattagagcagttgatcatgtattatggaatgtattagagcatattgtatatgtaaaacaatcatcttcaataaaattcaatatttattaa,4,4,3,7,3,1,0,3,1,0,3,1,4,6,3,4,5,4,4,2,1,1,1,1,1,1,0,1,2,3,1,1,1,1,3,3,3,1,1,1,2,1,1,1,5,2,2,3,1,0,0,4,4,0,0,1,0,0,3,1,4,7,1,2
Pedilanthus leaf curl virus,Monodnaviria,TLCPakV_sAgp4,land plants,DNA,circular,NC_008299,YP_717917_4,atgcgatcttcgtcaccctcgaaggcccactctactcaggttccaatcaaagtgcagcacaggctagccaagaaagggaccaggcgtcgtcgtgttgatctcccgtgtgggtgttcatacttcatagccttagcctgccacgaccatggattcacgcacaggggaactcatcactgcagctcaagcacagaatggcgtgtttatctgggaggttcaaaatcccctctatttcaagataacagagcaccacaacaggccattcctcatgaaccaagacatcatcactgtccagatacagttcaatcacaacctgaggaaagcgttgggaatacacaaatgtttcctagccttccgaatctggatgacctcacagcctccgactggtcgtttcttaagggtctttaa,3,1,3,2,4,1,1,2,2,4,3,0,1,1,2,1,5,6,3,5,4,1,2,4,1,0,0,4,2,2,2,3,3,3,1,4,1,6,0,0,3,0,3,2,0,0,1,5,1,1,0,1,5,2,3,2,0,2,2,3,1,2,0,3
Pedilanthus leaf curl virus,Monodnaviria,TLCPakV_sAgp4,land plants,ss-DNA,circular,NC_008299,YP_717917_4,atgcgatcttcgtcaccctcgaaggcccactctactcaggttccaatcaaagtgcagcacaggctagccaagaaagggaccaggcgtcgtcgtgttgatctcccgtgtgggtgttcatacttcatagccttagcctgccacgaccatggattcacgcacaggggaactcatcactgcagctcaagcacagaatggcgtgtttatctgggaggttcaaaatcccctctatttcaagataacagagcaccacaacaggccattcctcatgaaccaagacatcatcactgtccagatacagttcaatcacaacctgaggaaagcgttgggaatacacaaatgtttcctagccttccgaatctggatgacctcacagcctccgactggtcgtttcttaagggtctttaa,3,1,3,2,4,1,1,2,2,4,3,0,1,1,2,1,5,6,3,5,4,1,2,4,1,0,0,4,2,2,2,3,3,3,1,4,1,6,0,0,3,0,3,2,0,0,1,5,1,1,0,1,5,2,3,2,0,2,2,3,1,2,0,3
Pedilanthus leaf curl virus,Monodnaviria,TLCPakV_sAgp5,land plants,DNA,circular,NC_008299,YP_717918_5,atgcccccaaagcgtttccttattaattcgaaaaattatttcctcacttatcccaagtgctctctcaccaaagaggaagcactttcccaattccaaaacctacaaaccccagtaaacaaaaaatacattaaaatctgcagagagtttcatgaaaatggggaacctcatcttcacgtgctcatccagttcgagggaaaatacaagtgccaaaatcagcgattcttcgacctggtatccccaaccaggtcagcacatttccatccgaacattcagggagctaaatcaagctcagacgtcaagtcctatctggagaaggacggagacaccctcgactggggagagtttcagatcgatggaagatctgcaagagggggacaacagtcagccaacgacgcttacgccgcagcgcttaacgcaggcagtaagtcagaagctcttagagtaattaaagaattagcaccaaaagattatgtacttcaatttcataatttaaatgctaatttagataggatttttacacctcccatggaggtttatgtttctcctttttcttcttcttcttttgatcaagttccggaagaacttgaagaatgggctgctgagaacgtcgtgggtgccgctgcgcggccattgagacctaaaagtattgtcatagagggtgatagtcgtacggggaagacaatgtgggccaggtcactgggtccacacaattatctgtgtggtcatctagaccttagtccaaaggtttacagcaacgaggcctggtacaacgtcattgatgacgtcgatccccactacctaaagcactttaaagaattcatgggggcccaaagggactggcaatcaaatacaaagtacggaaagccagttcaaattaaaggcggaattcccactatcttcctctgcaatccaggacccaactcaagctataaagagtttttggatgaggagaagaattctgcactcaaaaattgggcattaaagaatgcgatcttcgtcaccctcgaaggcccactctactcaggttccaatcaaagtgcagcacaggctagccaagaaagggaccaggcgtcgtcgtgttga,14,9,13,14,3,5,1,2,5,4,5,5,1,5,4,9,12,4,7,6,10,6,2,4,1,0,1,2,3,8,4,8,12,10,12,8,10,6,4,8,9,3,4,5,4,6,2,5,0,8,0,7,9,4,3,8,1,4,6,2,4,10,2,8
Pedilanthus leaf curl virus,Monodnaviria,TLCPakV_sAgp5,land plants,ss-DNA,circular,NC_008299,YP_717918_5,atgcccccaaagcgtttccttattaattcgaaaaattatttcctcacttatcccaagtgctctctcaccaaagaggaagcactttcccaattccaaaacctacaaaccccagtaaacaaaaaatacattaaaatctgcagagagtttcatgaaaatggggaacctcatcttcacgtgctcatccagttcgagggaaaatacaagtgccaaaatcagcgattcttcgacctggtatccccaaccaggtcagcacatttccatccgaacattcagggagctaaatcaagctcagacgtcaagtcctatctggagaaggacggagacaccctcgactggggagagtttcagatcgatggaagatctgcaagagggggacaacagtcagccaacgacgcttacgccgcagcgcttaacgcaggcagtaagtcagaagctcttagagtaattaaagaattagcaccaaaagattatgtacttcaatttcataatttaaatgctaatttagataggatttttacacctcccatggaggtttatgtttctcctttttcttcttcttcttttgatcaagttccggaagaacttgaagaatgggctgctgagaacgtcgtgggtgccgctgcgcggccattgagacctaaaagtattgtcatagagggtgatagtcgtacggggaagacaatgtgggccaggtcactgggtccacacaattatctgtgtggtcatctagaccttagtccaaaggtttacagcaacgaggcctggtacaacgtcattgatgacgtcgatccccactacctaaagcactttaaagaattcatgggggcccaaagggactggcaatcaaatacaaagtacggaaagccagttcaaattaaaggcggaattcccactatcttcctctgcaatccaggacccaactcaagctataaagagtttttggatgaggagaagaattctgcactcaaaaattgggcattaaagaatgcgatcttcgtcaccctcgaaggcccactctactcaggttccaatcaaagtgcagcacaggctagccaagaaagggaccaggcgtcgtcgtgttga,14,9,13,14,3,5,1,2,5,4,5,5,1,5,4,9,12,4,7,6,10,6,2,4,1,0,1,2,3,8,4,8,12,10,12,8,10,6,4,8,9,3,4,5,4,6,2,5,0,8,0,7,9,4,3,8,1,4,6,2,4,10,2,8
Pedilanthus leaf curl virus,Monodnaviria,TLCPakV_sAgp6,land plants,DNA,circular,NC_008299,YP_717919_6,atgaaaatggggaacctcatcttcacgtgctcatccagttcgagggaaaatacaagtgccaaaatcagcgattcttcgacctggtatccccaaccaggtcagcacatttccatccgaacattcagggagctaaatcaagctcagacgtcaagtcctatctggagaaggacggagacaccctcgactggggagagtttcagatcgatggaagatctgcaagagggggacaacagtcagccaacgacgcttacgccgcagcgcttaacgcaggcagtaagtcagaagctcttagagtaa,2,2,1,2,3,1,7,1,2,1,3,6,0,4,3,1,3,1,6,0,2,2,1,1,1,1,0,0,1,2,1,1,2,1,5,2,1,1,0,1,0,0,3,1,1,0,0,0,1,0,0,1,2,2,4,1,0,1,2,0,2,3,0,0
Pedilanthus leaf curl virus,Monodnaviria,TLCPakV_sAgp6,land plants,ss-DNA,circular,NC_008299,YP_717919_6,atgaaaatggggaacctcatcttcacgtgctcatccagttcgagggaaaatacaagtgccaaaatcagcgattcttcgacctggtatccccaaccaggtcagcacatttccatccgaacattcagggagctaaatcaagctcagacgtcaagtcctatctggagaaggacggagacaccctcgactggggagagtttcagatcgatggaagatctgcaagagggggacaacagtcagccaacgacgcttacgccgcagcgcttaacgcaggcagtaagtcagaagctcttagagtaa,2,2,1,2,3,1,7,1,2,1,3,6,0,4,3,1,3,1,6,0,2,2,1,1,1,1,0,0,1,2,1,1,2,1,5,2,1,1,0,1,0,0,3,1,1,0,0,0,1,0,0,1,2,2,4,1,0,1,2,0,2,3,0,0
