virus,realm,locus_tag,host,accession,protein_id,coding,AAA,AAC,AAG,AAT,ACA,ACC,ACG,ACT,AGA,AGC,AGG,AGT,ATA,ATC,ATG,ATT,CAA,CAC,CAG,CAT,CCA,CCC,CCG,CCT,CGA,CGC,CGG,CGT,CTA,CTC,CTG,CTT,GAA,GAC,GAG,GAT,GCA,GCC,GCG,GCT,GGA,GGC,GGG,GGT,GTA,GTC,GTG,GTT,TAA,TAC,TAG,TAT,TCA,TCC,TCG,TCT,TGA,TGC,TGG,TGT,TTA,TTC,TTG,TTT
Finch polyomavirus,Monodnaviria,FPV_gp1,vertebrates,NC_007923,YP_529830_1,atgtcggcgccaatggacagcccgatgtcgggacctggtgaggggccttcaggcccacctacccaggctatcccacctgttactagagacggcagagcttcttcatctgatgattctgactgtgagccgcaatgtattaaccagttctacctctcctttaagggcgcgcgctcgatccctagcaagaagctcaagctcgccgaccccaacaaggtcaacgagctcgggcaacggctagacgcccttgagaccactctcaggaaccaacagcgggccatccaggacctgcaggccgccgtccagaggttgaccctccagagccaggctggcgccagaggggaaggccgtacccccactggatctgaagcagcccccgggactgctgtccctgtggctaccaatactgcacccagccctgcgcctccccctccttctcctgtaccaccttctggaaacggagcaggtgcacctctcggttcgtttccatttgccggacaacctgctctcacacctgacccaaccgacaccaacccaccgggactcctgcctgacacccctagcacgggaagcagcagaggccctccagcaggctctggaacaggcactgaaaccgcctaa,0,6,5,1,2,9,1,6,4,7,2,0,0,3,3,1,4,0,8,0,8,5,3,18,0,1,2,1,1,9,2,1,3,9,4,2,5,9,3,6,8,8,4,3,1,3,1,1,1,1,0,0,2,1,4,7,0,0,0,2,0,1,1,3
Finch polyomavirus,Monodnaviria,FPV_gp2,vertebrates,NC_007923,YP_529831_2,atgggagccgttatctccctaataactggggcatttgagattggtaccctgacgggccttgcagctgacgcccttgttagtgcagaatcccttgcccttctagaaacagaaatcgggactctagtagaacagggcctgtctgttgcagaaatacttgatgctataggggtctcagaggaaagccttgcagcagcatcctctattccctaccaggccctgcagtctcttgctggaggtggaatactaggcctacaagcagcttccgtacctggactgatagccgccggtgtttacgcctttggaaaagacccatcgttagcccacaacaccatggcacttgccatctggagggaacagattgattatctgttccctggcataaattggctagccacaaatatacactatttggatcccctacactgggctagatcattatttaatcaggttggccgagccttgtggaatcagatagaccagagagtacgtgatggccttataggaggggctgcacaggcggctggggccgcgggtgctgaggtagccattaggcaaagtagggctctctatgacgtgctagcccgtgctatggagacagcccgatggactatacatagttcatatacctcggctgaggagacctatagaaacctgagagaatattatgctcagctacctgttgatgcaggccggcctgcctataggagacgtctattaggcctcacagagcagtcctcctgggaccatgggcgggggcctaccacctctacaacggagcctaaagctaaagcaatagaggaggcaagcaaagagcccccagaatcaggggaacatgtgcaggactatccacctcctgggggagctcaccaaagacatgcacctgactggttactacctcttctcctaggcctatacggtgacctcaccccggagtggagatcccagcttaagcaactaggatatggctcccaaaaaaggaaacggcagctgtccccgaccccagcaagtccccaagctgatagtaaaaggaggaatagaagtactcgacgtaaaaacaggccctga,8,3,1,5,5,8,2,4,8,2,8,6,11,3,3,4,6,4,13,4,4,5,2,10,3,0,3,4,14,4,7,11,10,8,12,6,15,16,2,15,8,10,9,5,4,1,2,6,0,3,0,10,4,9,2,4,1,0,8,0,4,1,2,3
Finch polyomavirus,Monodnaviria,FPV_gp3,vertebrates,NC_007923,YP_529832_3,atggcacttgccatctggagggaacagattgattatctgttccctggcataaattggctagccacaaatatacactatttggatcccctacactgggctagatcattatttaatcaggttggccgagccttgtggaatcagatagaccagagagtacgtgatggccttataggaggggctgcacaggcggctggggccgcgggtgctgaggtagccattaggcaaagtagggctctctatgacgtgctagcccgtgctatggagacagcccgatggactatacatagttcatatacctcggctgaggagacctatagaaacctgagagaatattatgctcagctacctgttgatgcaggccggcctgcctataggagacgtctattaggcctcacagagcagtcctcctgggaccatgggcgggggcctaccacctctacaacggagcctaaagctaaagcaatagaggaggcaagcaaagagcccccagaatcaggggaacatgtgcaggactatccacctcctgggggagctcaccaaagacatgcacctgactggttactacctcttctcctaggcctatacggtgacctcaccccggagtggagatcccagcttaagcaactaggatatggctcccaaaaaaggaaacggcagctgtccccgaccccagcaagtccccaagctgatagtaaaaggaggaatagaagtactcgacgtaaaaacaggccctga,7,2,1,5,4,6,1,2,8,1,8,5,6,1,2,2,5,3,10,4,3,4,2,9,3,0,3,4,9,4,3,4,4,6,10,5,7,8,2,11,3,7,6,2,2,0,2,2,0,1,0,10,3,5,1,1,1,0,8,0,3,1,2,1
Finch polyomavirus,Monodnaviria,FPV_gp4,vertebrates,NC_007923,YP_529833_4,atggctcccaaaaaaggaaacggcagctgtccccgaccccagcaagtccccaagctgatagtaaaaggaggaatagaagtactcgacgtaaaaacaggccctgatagtacaaccacaattgaggcctacctcaaccctagagtaggccagaactggggttttagtacagaaataactgtagcctctaatggctacaatgatgccccccacctgacagagataccctgctatagctgtgctagaatatcccttcccctgctaaacgaggatataacatgtcccaccctgcttatgtgggaggccgttagtgtaaaaacagaggtagttggcattagcagcatgcttaacatgcattcctatgggttgagagcctttggtgggtatggtggagggtataccatagaagggtcccatatacatttcttctctgtgggaggtgagccccttgatctacaaggcctaatgcagaaccattccacccaatacccctcccctctagtaggcccaaagaagcctgatggcaccacagatgattctgcacaggtacttaaccccatctataaggccaagctggataaggatgcaacctatcccatagaatgctggtgtccagatccctcaagaaatgagaattccaggtattttgggagctacacaggtggagtggaaacaccacctgtcctaagctttaccaatacctccaccaccatccttctagatgaaaatggggtggggcccttatgcaagggtgatggcctataccttagtagtgcagatgttgcaggtacctttgtgcaacagactagtcagaagcaatactggcgtgggctcccacggtattttaacataaccctgaggaagagagctgttaagaatccctaccctgtaacaggccttttgacctccttattcaatggcctgatgccacgcatgcagggccagagtatgtcagggcctacagctcaggtggaggaggttcgtgtgtatgaaggcatggaaggcctacctggagaccccaccatggaacggcacctcgatcaacaaggacaatcccacaccaacccagcccaggactaa,5,9,10,8,12,15,0,2,5,6,2,7,10,2,10,2,8,3,10,4,6,16,0,8,1,1,2,2,8,4,7,8,9,3,9,14,4,7,0,4,8,14,9,7,10,2,6,5,1,7,0,9,2,9,0,3,0,3,4,4,2,3,2,6
Finch polyomavirus,Monodnaviria,FPV_gp5,vertebrates,NC_007923,YP_529834_5,atgtctaccctccagaaacttattgatctcctcggccttccaccatcggctactgaagccgacgtccgctcggcctatagaaagaaggcattagaattccacccagataaaggaggggacccggaacgcatgaaagagctaaacaggctcatggacgaattccggcattcccagagccttttctgtgatgagaccctggactcggactccgatgatggagatagccctggaccgagccagcggacctccacacctgaaccaggcactggaaaggacagcgggcacggcacctttgaacccgaggcggagagctcacaggcatccttcggcacgccccccaagcggggtccgccgcatattgatctgcctgcatccatagaagcgtgcctgctaactgcaaagtccgtgcaaagctgtcctgatgctcacctgataattactacctgcaataagctgcaaaacctcagaccacagctaatgactaacttcacaacccgtggacacatccaggctgtctgggattcatcctatgccttgttcgtgattctgatggagcggcctacacgcgtgtccaccgtgggcaatttctgtaagaagcactgcacggtatccttatgtatagtgaggggcataaagaaaaatggggtgggggcactgctaagggctatgcaggagcacccagctatagatgtggaacaggccatattccctgatgatgggcccgatgaaaaacaatttaatcaggccttgcttaatggatatgccatttcactggactgtaccgatgctttgttactgctagcagtgtacaaaagacttgctaggcctgttgaagcctgcccagattgtgcaaaagagcgggagacagctaaacggcaacgtacctcccacctggaagatcacccagcccaccaaaagaatgctgccctttttataggcctcagggatcagaagagggtctgccagtgtgctgtggatggggtcctagccgaaaaacgctttaaacaggccaccatgaccagaaatgataggttcacggaaaggctaaaagaaacccttaaaggtattgatacaatcctgcatgaggacactgagaccatagatcagtatgtagcagcaatcctcatgcttaatatgttggtaccccgggttacagacatagctgatatacttgagaccatggtcaggaaccctcctaagaaaagatactatattttccggggtcctgtcaatacaggcaagaccaccgttgcagccgccatactaaacctgtgcacaggggcatccctaaatgtgaatggcactcctgagagattgcaatttgaactgggatgtgcaattgaccaatatatggtgttgtttgaggatgtgaaaggacagagcaggaaagagggtagtgggctacctacgggattagggatgatgaatctcgataacctcagggatcatttagagggctctgtacctgttaacctagagaggaagcaccagaataaggtgtcccaggtgttccccccaggcctcatcaccatgaatgactattacataccccagacagtccttgcaaggacaagggcggtggtcgagtttcaccacaatgacggctttgcaagagctgttgccaataaccccgacgtggtagaggcccgcattcttacaaaggctgaaacactccttgcactactcctaatcaatcgggaatcagaagaacgcctgagcaagcaggtcagactggactttgtaactaccatagactgcctcaaatttgaggtggaacagagaatctggaaatatctgtataatttgcacgccggcttaccatatgaccatgaagactaa,17,8,17,18,12,18,4,8,9,8,14,1,13,6,14,9,7,13,19,5,10,8,4,13,0,6,9,2,13,13,16,12,21,17,19,25,15,16,3,13,9,13,9,4,6,9,17,5,1,3,0,10,4,12,3,2,0,7,2,8,6,11,7,10
Finch polyomavirus,Monodnaviria,FPV_gp6,vertebrates,NC_007923,YP_529835_6,atgtctaccctccagaaacttattgatctcctcggccttccaccatcggctactgaagccgacgtccgctcggcctatagaaagaaggcattagaattccacccagataaaggaggggacccggaacgcatgaaagagctaaacaggctcatggacgaattccggcattcccagagccttttctgtgatgagaccctggactcggactccgatgatggagatagccctggaccgagccagcggacctccacacctgaaccaggcactggaaaggacagcgggcacggcacctttgaacccgaggtaaacagctggcatgctatagactatgaccgcgcgtactgcaggcttatggaactaaagtggtgcctggagagcttttttaccagcaccgaacgccgaaagcagggtctaacacccgaatacctggagctgaagcggcggtttcaggcggttccatggcgggtttttgacaatgtcttcaatatggactatatctaa,3,2,6,2,2,6,0,2,1,7,2,0,1,1,5,1,0,2,5,2,5,2,2,2,1,4,5,0,3,4,4,4,9,10,5,6,1,2,2,2,4,3,2,1,1,2,0,2,1,2,0,3,0,3,3,1,0,2,3,1,1,4,0,5
